orb_id,orb_name,effect,monster_name
1,聖女の守りの戦域,光射程距離0.2m増える,グリゴリぼうず
2,キラキラポーンの戦域,闇射程距離が0.4m増える,セルゲイナス
3,ホップストリームの戦域,闇効果範囲が0.5m増える,ドラキー・祖
4,不屈の闘志,炎さいだいHPが2増える,ライノスキング
4,不屈の闘志,炎さいだいHPが2増える,テラノライナー
4,不屈の闘志,炎さいだいHPが2増える,ギガントヒルズ
4,不屈の闘志,炎さいだいHPが2増える,トロル
4,不屈の闘志,炎さいだいHPが2増える,リビングデッド
4,不屈の闘志,炎さいだいHPが2増える,ボストロール
4,不屈の闘志,炎さいだいHPが2増える,ブラックベジター
4,不屈の闘志,炎さいだいHPが2増える,トロルキング
4,不屈の闘志,炎さいだいHPが2増える,テンタクルス
4,不屈の闘志,炎さいだいHPが2増える,かげのきし・祖
4,不屈の闘志,炎さいだいHPが2増える,ギガデーモン
5,深淵なる叡智,炎さいだいMPが5増える,マッシュスライム
5,深淵なる叡智,炎さいだいMPが5増える,ダークペルシャ
5,深淵なる叡智,炎さいだいMPが5増える,ベビーサタン
5,深淵なる叡智,炎さいだいMPが5増える,悪鬼丸
5,深淵なる叡智,炎さいだいMPが5増える,メッサーラ
5,深淵なる叡智,炎さいだいMPが5増える,はめつの使者
5,深淵なる叡智,炎さいだいMPが5増える,ダークプラネット
6,武神の豪腕,炎ちからが1増える,ガニラス
6,武神の豪腕,炎ちからが1増える,ヘルシーサー
6,武神の豪腕,炎ちからが1増える,じごくのよろい
6,武神の豪腕,炎ちからが1増える,バッファロン
6,武神の豪腕,炎ちからが1増える,イエロバングル
6,武神の豪腕,炎ちからが1増える,サイコマスター
6,武神の豪腕,炎ちからが1増える,セルゲイナス
6,武神の豪腕,炎ちからが1増える,くびなが大師
6,武神の豪腕,炎ちからが1増える,クリムゾングレイブ
6,武神の豪腕,炎ちからが1増える,カイザードラゴン
6,武神の豪腕,炎ちからが1増える,ビッグファング
6,武神の豪腕,炎ちからが1増える,てんとうスカラベ
6,武神の豪腕,炎ちからが1増える,かげのきし・祖
6,武神の豪腕,炎ちからが1増える,ホワイトジャッジ
7,鋼鉄の肉体,炎みのまもりが5増える,ダークポックル
7,鋼鉄の肉体,炎みのまもりが5増える,デンタザウルス
7,鋼鉄の肉体,炎みのまもりが5増える,デビルアーマー
7,鋼鉄の肉体,炎みのまもりが5増える,サウルスロード
7,鋼鉄の肉体,炎みのまもりが5増える,ワニバーン
7,鋼鉄の肉体,炎みのまもりが5増える,イエローファット
7,鋼鉄の肉体,炎みのまもりが5増える,てつのさそり
7,鋼鉄の肉体,炎みのまもりが5増える,キングリザード・強
7,鋼鉄の肉体,炎みのまもりが5増える,だいまじん・祖
8,大賢者の御手,炎こうげき魔力が3増える,ヘルボックル
8,大賢者の御手,炎こうげき魔力が3増える,ホラービースト
8,大賢者の御手,炎こうげき魔力が3増える,こんぶ大将
8,大賢者の御手,炎こうげき魔力が3増える,ドルマージュ
8,大賢者の御手,炎こうげき魔力が3増える,くろカビこぞう
8,大賢者の御手,炎こうげき魔力が3増える,ゴースト・強
8,大賢者の御手,炎こうげき魔力が3増える,ドルイド
8,大賢者の御手,炎こうげき魔力が3増える,なげきの亡霊
8,大賢者の御手,炎こうげき魔力が3増える,ベルフェゴル
8,大賢者の御手,炎こうげき魔力が3増える,ダークシルフ
8,大賢者の御手,炎こうげき魔力が3増える,オルフェウス
9,いつくしむ心,炎かいふく魔力が3増える,ヘルボックル
9,いつくしむ心,炎かいふく魔力が3増える,バルバロッサ
9,いつくしむ心,炎かいふく魔力が3増える,プリーストナイト
9,いつくしむ心,炎かいふく魔力が3増える,フォレストドラゴ
9,いつくしむ心,炎かいふく魔力が3増える,デスプリースト
9,いつくしむ心,炎かいふく魔力が3増える,エビルソーサラー
9,いつくしむ心,炎かいふく魔力が3増える,エルダードラゴン
9,いつくしむ心,炎かいふく魔力が3増える,やみのしょくだい
9,いつくしむ心,炎かいふく魔力が3増える,原罪のやどりぎ
9,いつくしむ心,炎かいふく魔力が3増える,フォレドラ・塔
9,いつくしむ心,炎かいふく魔力が3増える,キングスライム・祖
10,韋駄天の足,炎すばやさが5増える,ベホマスライム
10,韋駄天の足,炎すばやさが5増える,スターキメラ
10,韋駄天の足,炎すばやさが5増える,ダーティラビッツ
10,韋駄天の足,炎すばやさが5増える,ひくいどり
10,韋駄天の足,炎すばやさが5増える,いっかくウサギ・強
10,韋駄天の足,炎すばやさが5増える,ヘルジュラシック
10,韋駄天の足,炎すばやさが5増える,もみじこぞう・強
10,韋駄天の足,炎すばやさが5増える,ダッシュラン・強
10,韋駄天の足,炎すばやさが5増える,キメラ・祖
10,韋駄天の足,炎すばやさが5増える,リカント
11,神業の手,炎きようさが5増える,アームライオン
11,神業の手,炎きようさが5増える,グール
11,神業の手,炎きようさが5増える,デザートガルバ
11,神業の手,炎きようさが5増える,ウィングデビル
11,神業の手,炎きようさが5増える,グリンバングル
11,神業の手,炎きようさが5増える,ぬすっとウサギ・強
11,神業の手,炎きようさが5増える,スライムブレス
11,神業の手,炎きようさが5増える,キラーマシン・祖
12,ふんばり魂,炎おもさが2増える,うごくせきぞう
12,ふんばり魂,炎おもさが2増える,太古のぬし
12,ふんばり魂,炎おもさが2増える,ビッグモアイ
12,ふんばり魂,炎おもさが2増える,サイクロプス
12,ふんばり魂,炎おもさが2増える,ヒポせんし
12,ふんばり魂,炎おもさが2増える,ゴーレム・塔
12,ふんばり魂,炎おもさが2増える,タホバルキー
13,戦場のヴィーナス,炎みりょくが3増える,シャドー
13,戦場のヴィーナス,炎みりょくが3増える,ミステリピラー
13,戦場のヴィーナス,炎みりょくが3増える,スターレミング
13,戦場のヴィーナス,炎みりょくが3増える,ケミカルゼリー
13,戦場のヴィーナス,炎みりょくが3増える,ドラゴンゾンビ
13,戦場のヴィーナス,炎みりょくが3増える,スペースデビル
13,戦場のヴィーナス,炎みりょくが3増える,マダムコーン
13,戦場のヴィーナス,炎みりょくが3増える,ブラッドレディ
15,会心練磨,炎会心・暴走率が0.2%増える,ジラフマスター
15,会心練磨,炎会心・暴走率が0.2%増える,マッドファルコン
15,会心練磨,炎会心・暴走率が0.2%増える,キラーアーマー
15,会心練磨,炎会心・暴走率が0.2%増える,ソードマカブル
15,会心練磨,炎会心・暴走率が0.2%増える,おおきづち・祖
16,先見の眼,炎みかわし率が0.2%増える,ぶっちズキーニャ
16,先見の眼,炎みかわし率が0.2%増える,エルダーフレイム
16,先見の眼,炎みかわし率が0.2%増える,おおくちばし・強
16,先見の眼,炎みかわし率が0.2%増える,スライムブレス
16,先見の眼,炎みかわし率が0.2%増える,ドラポヨロン
16,先見の眼,炎みかわし率が0.2%増える,スピンサタン
16,先見の眼,炎みかわし率が0.2%増える,オベルジーヌ
17,堅守の心得,炎盾ガード率が0.2%増える,スライムナイト・強
17,堅守の心得,炎盾ガード率が0.2%増える,たてまじん・強
17,堅守の心得,炎盾ガード率が0.2%増える,グレンデル
18,鉄壁の炎耐性,炎炎ダメージ1%軽減,おにびドングリ
18,鉄壁の炎耐性,炎炎ダメージ1%軽減,ガメゴンロード
18,鉄壁の炎耐性,炎炎ダメージ1%軽減,ハデスナイト
18,鉄壁の炎耐性,炎炎ダメージ1%軽減,シャイニング・強
18,鉄壁の炎耐性,炎炎ダメージ1%軽減,ドラゴン・塔
18,鉄壁の炎耐性,炎炎ダメージ1%軽減,キラークリムゾン
18,鉄壁の炎耐性,炎炎ダメージ1%軽減,ガメゴンレジェンド
19,鉄壁の氷耐性,炎氷ダメージ1%軽減,ブリザードマン
19,鉄壁の氷耐性,炎氷ダメージ1%軽減,メタルドラゴン
19,鉄壁の氷耐性,炎氷ダメージ1%軽減,コキュードス
19,鉄壁の氷耐性,炎氷ダメージ1%軽減,ツイストサイダー
19,鉄壁の氷耐性,炎氷ダメージ1%軽減,つららわたり
19,鉄壁の氷耐性,炎氷ダメージ1%軽減,かいぞくウーパー
19,鉄壁の氷耐性,炎氷ダメージ1%軽減,大魔獣イーギュア
20,鉄壁の風耐性,炎風ダメージ1%軽減,ぶちスライム
20,鉄壁の風耐性,炎風ダメージ1%軽減,まじんブドゥ
20,鉄壁の風耐性,炎風ダメージ1%軽減,グリングリン
20,鉄壁の風耐性,炎風ダメージ1%軽減,コットンキャンディ
20,鉄壁の風耐性,炎風ダメージ1%軽減,かまいたち
21,鉄壁の雷耐性,炎雷ダメージ1%軽減,とこよアゲハ
21,鉄壁の雷耐性,炎雷ダメージ1%軽減,スラマシンＺ
21,鉄壁の雷耐性,炎雷ダメージ1%軽減,グレイトドラゴン
21,鉄壁の雷耐性,炎雷ダメージ1%軽減,キングスライム・祖
22,鉄壁の土耐性,炎土ダメージ1%軽減,マドハンド・強
22,鉄壁の土耐性,炎土ダメージ1%軽減,ばくだんサーカス
22,鉄壁の土耐性,炎土ダメージ1%軽減,ばくだん岩・強
22,鉄壁の土耐性,炎土ダメージ1%軽減,ゴーレム・強
22,鉄壁の土耐性,炎土ダメージ1%軽減,ローズプリンセス
23,鉄壁の闇耐性,炎闇ダメージ1%軽減,インフェルノ
23,鉄壁の闇耐性,炎闇ダメージ1%軽減,ジャンボドラキー
23,鉄壁の闇耐性,炎闇ダメージ1%軽減,ヘルプラネット
23,鉄壁の闇耐性,炎闇ダメージ1%軽減,ブラックドラゴン
23,鉄壁の闇耐性,炎闇ダメージ1%軽減,ダークゲージ
23,鉄壁の闇耐性,炎闇ダメージ1%軽減,堕天のメイス
24,鉄壁の光耐性,炎光ダメージ1%軽減,ダックスビル
24,鉄壁の光耐性,炎光ダメージ1%軽減,デスカイザー
24,鉄壁の光耐性,炎光ダメージ1%軽減,りゅうぐう王
24,鉄壁の光耐性,炎光ダメージ1%軽減,りゅうぐう王・塔
25,鉄壁の攻撃呪文耐性,炎呪文ダメージ1%軽減,メギドロイド
25,鉄壁の攻撃呪文耐性,炎呪文ダメージ1%軽減,ダークオルニス
25,鉄壁の攻撃呪文耐性,炎呪文ダメージ1%軽減,キラーアーマー
25,鉄壁の攻撃呪文耐性,炎呪文ダメージ1%軽減,デスクローゼット
25,鉄壁の攻撃呪文耐性,炎呪文ダメージ1%軽減,キラークリムゾン
26,鉄壁のブレス耐性,炎ブレスダメージ1%軽減,ダースギズモ
26,鉄壁のブレス耐性,炎ブレスダメージ1%軽減,れんごくの番兵
26,鉄壁のブレス耐性,炎ブレスダメージ1%軽減,ダークファンタズマ
26,鉄壁のブレス耐性,炎ブレスダメージ1%軽減,コキュードス
26,鉄壁のブレス耐性,炎ブレスダメージ1%軽減,コーラルディモス
26,鉄壁のブレス耐性,炎ブレスダメージ1%軽減,ドラゴンキッズ・強
26,鉄壁のブレス耐性,炎ブレスダメージ1%軽減,ガメゴンロード
26,鉄壁のブレス耐性,炎ブレスダメージ1%軽減,マッドルーパー・強
26,鉄壁のブレス耐性,炎ブレスダメージ1%軽減,キメラ・祖
26,鉄壁のブレス耐性,炎ブレスダメージ1%軽減,キースドラゴン
26,鉄壁のブレス耐性,炎ブレスダメージ1%軽減,キラークリムゾン
26,鉄壁のブレス耐性,炎ブレスダメージ1%軽減,ガメゴンレジェンド
27,ルカニの盾,水武器・盾ガード時4%でルカニ,しにがみのきし
27,ルカニの盾,水武器・盾ガード時4%でルカニ,ブラックベジター
27,ルカニの盾,水武器・盾ガード時4%でルカニ,オーガキング
27,ルカニの盾,水武器・盾ガード時4%でルカニ,ドリアンデッド
28,ヘナトスの盾,水武器・盾ガード時4%でヘナトス,しにがみきぞく
28,ヘナトスの盾,水武器・盾ガード時4%でヘナトス,グレイトライドン
28,ヘナトスの盾,水武器・盾ガード時4%でヘナトス,グレンデル
29,ぶきみなひかりの盾,水ガード時4%でぶきみなひかり,たてまじん・強
29,ぶきみなひかりの盾,水ガード時4%でぶきみなひかり,デビルアーマー・強
29,ぶきみなひかりの盾,水ガード時4%でぶきみなひかり,りゅう兵士
30,不滅のテンション,水死亡時3%でテンションが消えない,キラーデーモン
30,不滅のテンション,水死亡時3%でテンションが消えない,カバリアー
30,不滅のテンション,水死亡時3%でテンションが消えない,いたずらもぐら・強
30,不滅のテンション,水死亡時3%でテンションが消えない,ブランマトック
30,不滅のテンション,水死亡時3%でテンションが消えない,ブラウニー・祖
31,不滅の攻撃力アップ,水死亡時3%で攻撃力アップがきえない,ミイラ男
31,不滅の攻撃力アップ,水死亡時3%で攻撃力アップがきえない,スカルゴン
31,不滅の攻撃力アップ,水死亡時3%で攻撃力アップがきえない,トロル
32,不滅の攻撃呪文強化,水死亡時3%で呪文の威力アップが消えない,バルバロッサ
32,不滅の攻撃呪文強化,水死亡時3%で呪文の威力アップが消えない,ダークペルシャ
32,不滅の攻撃呪文強化,水死亡時3%で呪文の威力アップが消えない,リビングスタチュー
32,不滅の攻撃呪文強化,水死亡時3%で呪文の威力アップが消えない,蒼炎の使徒
32,不滅の攻撃呪文強化,水死亡時3%で呪文の威力アップが消えない,アークデーモン
33,不滅の回復呪文強化,水死亡時3%で呪文回復アップ残り,フォレストドラゴ
33,不滅の回復呪文強化,水死亡時3%で呪文回復アップ残り,スピリットフレイム
33,不滅の回復呪文強化,水死亡時3%で呪文回復アップ残り,ハーベストドラゴ
33,不滅の回復呪文強化,水死亡時3%で呪文回復アップ残り,フォレドラ・塔
34,不滅の早詠み,水死亡時3%で早詠み残り,メイジももんじゃ
34,不滅の早詠み,水死亡時3%で早詠み残り,マジックフライ・強
34,不滅の早詠み,水死亡時3%で早詠み残り,ゴルバ・強
34,不滅の早詠み,水死亡時3%で早詠み残り,みならいあくま・祖
35,不滅の呪文ダメージ限界突破,水死亡時5%で呪文ダメージ限界突破が消えない,ベスキング
35,不滅の呪文ダメージ限界突破,水死亡時5%で呪文ダメージ限界突破が消えない,大魔獣イーギュア
36,不滅の魅惑の水晶球,水死亡時5%で魅惑の水晶球が消えない,おばけキノコ
36,不滅の魅惑の水晶球,水死亡時5%で魅惑の水晶球が消えない,ライトアーマー
36,不滅の魅惑の水晶球,水死亡時5%で魅惑の水晶球が消えない,モノクロームナイト
37,復活のHP回復量アップ,水自分が蘇生時にHP回復量が1%分増える,メカバーン
37,復活のHP回復量アップ,水自分が蘇生時にHP回復量が1%分増える,クリムゾングレイブ
37,復活のHP回復量アップ,水自分が蘇生時にHP回復量が1%分増える,がいこつ・祖
37,復活のHP回復量アップ,水自分が蘇生時にHP回復量が1%分増える,ダークネビュラス
38,忍耐のMP回復,水3%の確率で、受けたダメージの1%MPを回復,ファンキードラゴ
38,忍耐のMP回復,水3%の確率で、受けたダメージの1%MPを回復,フラッペリン
38,忍耐のMP回復,水3%の確率で、受けたダメージの1%MPを回復,シルエト
38,忍耐のMP回復,水3%の確率で、受けたダメージの1%MPを回復,まかいじゅう
38,忍耐のMP回復,水3%の確率で、受けたダメージの1%MPを回復,クリオネオン
39,逆境の身かわしアップ,水瀕死時3%でみかわし率+30%,アイスコンドル
39,逆境の身かわしアップ,水瀕死時3%でみかわし率+30%,ひとくいばこ
39,逆境の身かわしアップ,水瀕死時3%でみかわし率+30%,おおくちばし・強
39,逆境の身かわしアップ,水瀕死時3%でみかわし率+30%,シルエト
39,逆境の身かわしアップ,水瀕死時3%でみかわし率+30%,カラポッポ
39,逆境の身かわしアップ,水瀕死時3%でみかわし率+30%,むくろカサゴ
39,逆境の身かわしアップ,水瀕死時3%でみかわし率+30%,ガチャコッコ・祖
39,逆境の身かわしアップ,水瀕死時3%でみかわし率+30%,しびれあげは
41,鉄壁の眠りガード,水眠りガードが2%増える,こうていタップ
41,鉄壁の眠りガード,水眠りガードが2%増える,やみしばり
41,鉄壁の眠りガード,水眠りガードが2%増える,シルバーデビル
41,鉄壁の眠りガード,水眠りガードが2%増える,リビングスタチュー
41,鉄壁の眠りガード,水眠りガードが2%増える,はりつきあくま
41,鉄壁の眠りガード,水眠りガードが2%増える,カナリアーノ
41,鉄壁の眠りガード,水眠りガードが2%増える,コットンキャンディ
41,鉄壁の眠りガード,水眠りガードが2%増える,つららわたり
42,鉄壁の混乱ガード,水混乱ガードが2%増える,マッドルーパー
42,鉄壁の混乱ガード,水混乱ガードが2%増える,コスモグール
42,鉄壁の混乱ガード,水混乱ガードが2%増える,ソードフライヤー
42,鉄壁の混乱ガード,水混乱ガードが2%増える,パンプキッズ
42,鉄壁の混乱ガード,水混乱ガードが2%増える,ピンキーマッシュ
43,鉄壁の即死ガード,水即死ガードが2%増える,フライングデス
43,鉄壁の即死ガード,水即死ガードが2%増える,とげジョボー
43,鉄壁の即死ガード,水即死ガードが2%増える,デビルプリンス
43,鉄壁の即死ガード,水即死ガードが2%増える,ダーティードール
43,鉄壁の即死ガード,水即死ガードが2%増える,オーロラウンダー
43,鉄壁の即死ガード,水即死ガードが2%増える,まんじゅシャモン
43,鉄壁の即死ガード,水即死ガードが2%増える,デスマドモアゼル
44,鉄壁のどくガード,水毒ガードが2%増える,ブラックマンティス
44,鉄壁のどくガード,水毒ガードが2%増える,レッドイーター
44,鉄壁のどくガード,水毒ガードが2%増える,じごくのもんばん
44,鉄壁のどくガード,水毒ガードが2%増える,バブルスライム・強
44,鉄壁のどくガード,水毒ガードが2%増える,スピリットフレイム
44,鉄壁のどくガード,水毒ガードが2%増える,ポイズントリル・強
44,鉄壁のどくガード,水毒ガードが2%増える,くさった死体・強
44,鉄壁のどくガード,水毒ガードが2%増える,マージマタンゴ
44,鉄壁のどくガード,水毒ガードが2%増える,てんとうスカラベ
45,鉄壁の封印ガード,水封印ガードが2%増える,ホークマン
45,鉄壁の封印ガード,水封印ガードが2%増える,かっちゅうアリ
45,鉄壁の封印ガード,水封印ガードが2%増える,ドラゴンゾンビ
45,鉄壁の封印ガード,水封印ガードが2%増える,ドラキー・祖
45,鉄壁の封印ガード,水封印ガードが2%増える,ホークマン・塔
45,鉄壁の封印ガード,水封印ガードが2%増える,プリズンイーグル
47,鉄壁の転びガード,水転びガードが2%増える,ナイトキャット
47,鉄壁の転びガード,水転びガードが2%増える,アイスコンドル
47,鉄壁の転びガード,水転びガードが2%増える,コスモスライム
47,鉄壁の転びガード,水転びガードが2%増える,マジックデモニスム
47,鉄壁の転びガード,水転びガードが2%増える,デスフラッター
48,鉄壁のおびえガード,水おびえガードが2%増える,ダークパンサー
48,鉄壁のおびえガード,水おびえガードが2%増える,フォレスドン
48,鉄壁のおびえガード,水おびえガードが2%増える,ダークキャンドル
48,鉄壁のおびえガード,水おびえガードが2%増える,サーバルスカイ
48,鉄壁のおびえガード,水おびえガードが2%増える,マーブルヴォルク
49,鉄壁のしばりガード,水しばりガードが2%増える,テラノライナー
49,鉄壁のしばりガード,水しばりガードが2%増える,せつげんりゅう
49,鉄壁のしばりガード,水しばりガードが2%増える,ベノムピード
50,鉄壁の踊りガード,水踊らされガードが2%増える,パペットマン
50,鉄壁の踊りガード,水踊らされガードが2%増える,ブルーミンクス
50,鉄壁の踊りガード,水踊らされガードが2%増える,まいまいテイル
50,鉄壁の踊りガード,水踊らされガードが2%増える,ももんじゃ
50,鉄壁の踊りガード,水踊らされガードが2%増える,黒ごまキッズ
50,鉄壁の踊りガード,水踊らされガードが2%増える,じんめんじゅ・強
50,鉄壁の踊りガード,水踊らされガードが2%増える,わかめ王子・強
51,鉄壁の笑いガード,水笑いガードが2%増える,マタンゴ
51,鉄壁の笑いガード,水笑いガードが2%増える,ドラグノワール
51,鉄壁の笑いガード,水笑いガードが2%増える,スライム・祖
52,鉄壁の魅了ガード,水魅了ガードが2%増える,ナイトメーア
52,鉄壁の魅了ガード,水魅了ガードが2%増える,ドラゴンゾンビ
52,鉄壁の魅了ガード,水魅了ガードが2%増える,ジラフシスター
53,鉄壁の呪いガード,水呪いガードが2%増える,ワイトキング
53,鉄壁の呪いガード,水呪いガードが2%増える,グール
53,鉄壁の呪いガード,水呪いガードが2%増える,ろうごくのぬし
53,鉄壁の呪いガード,水呪いガードが2%増える,フラワーゾンビ
53,鉄壁の呪いガード,水呪いガードが2%増える,ドルマージュ
53,鉄壁の呪いガード,水呪いガードが2%増える,ディアブラダ
53,鉄壁の呪いガード,水呪いガードが2%増える,ベレス・強
55,鉄壁のみとれガード,水みとれガードが2%増える,めいふのばんにん
55,鉄壁のみとれガード,水みとれガードが2%増える,エビルトレント
55,鉄壁のみとれガード,水みとれガードが2%増える,スペースデビル
56,鉄壁のはどうガード,水はどうガードが2%増える,ミイラ男
56,鉄壁のはどうガード,水はどうガードが2%増える,キラーデーモン
56,鉄壁のはどうガード,水はどうガードが2%増える,アモデウス
56,鉄壁のはどうガード,水はどうガードが2%増える,シャドーサタン
57,鉄壁の会心完全ガード,水2%の確率で会心の一撃と呪文暴走を無効化する,ストーンマン
57,鉄壁の会心完全ガード,水2%の確率で会心の一撃と呪文暴走を無効化する,カーディナルナイト
57,鉄壁の会心完全ガード,水2%の確率で会心の一撃と呪文暴走を無効化する,エメラルドーン
57,鉄壁の会心完全ガード,水2%の確率で会心の一撃と呪文暴走を無効化する,グリングリン
57,鉄壁の会心完全ガード,水2%の確率で会心の一撃と呪文暴走を無効化する,ネクロバルサ
57,鉄壁の会心完全ガード,水2%の確率で会心の一撃と呪文暴走を無効化する,キラーアーマー・祖
57,鉄壁の会心完全ガード,水2%の確率で会心の一撃と呪文暴走を無効化する,グリズリー
58,鉄壁のふっとびガード,水ふっとびガードが2%増える,うごくせきぞう
58,鉄壁のふっとびガード,水ふっとびガードが2%増える,太古のぬし
58,鉄壁のふっとびガード,水ふっとびガードが2%増える,ヌーデビル
58,鉄壁のふっとびガード,水ふっとびガードが2%増える,デスゴーゴン
58,鉄壁のふっとびガード,水ふっとびガードが2%増える,だいまじん・祖
58,鉄壁のふっとびガード,水ふっとびガードが2%増える,ダースドラゴン
60,ホイミ系呪文の奇跡,水回復量が2%増える,スターキメラ
60,ホイミ系呪文の奇跡,水回復量が2%増える,ガニメデス
60,ホイミ系呪文の奇跡,水回復量が2%増える,じんめんじゅ・強
60,ホイミ系呪文の奇跡,水回復量が2%増える,スライム・祖
60,ホイミ系呪文の奇跡,水回復量が2%増える,キングスライム・祖
62,ザオラルとザオリクの戦域,水範囲の半径が0.2m増える,ロードコープス
62,ザオラルとザオリクの戦域,水範囲の半径が0.2m増える,ホースデビル・強
62,ザオラルとザオリクの戦域,水範囲の半径が0.2m増える,シャドーノーブル
63,ヘナトス系の技巧,水成功率が5%増える,ボーンバット・強
63,ヘナトス系の技巧,水成功率が5%増える,メギドロイド
64,ルカニ系呪文の技巧,水成功率が5%増える,いしにんぎょう
64,ルカニ系呪文の技巧,水成功率が5%増える,ダックスビル
64,ルカニ系呪文の技巧,水成功率が5%増える,タホバルキー
65,ボミエ系呪文の技巧,水成功率が5%増える,こうていタップ
65,ボミエ系呪文の技巧,水成功率が5%増える,ファーラット・強
65,ボミエ系呪文の技巧,水成功率が5%増える,ぬくぬくどり
66,ディバインスペルの技巧,水成功率が5%増える,ウコバック
66,ディバインスペルの技巧,水成功率が5%増える,マジックデモニスム
66,ディバインスペルの技巧,水成功率が5%増える,暗黒の使い
67,ラリホー系呪文の技巧,水成功率が5%増える,ウコバック
67,ラリホー系呪文の技巧,水成功率が5%増える,おばけキノコ
67,ラリホー系呪文の技巧,水成功率が5%増える,フェアリーバット
67,ラリホー系呪文の技巧,水成功率が5%増える,ジア・デーモン
68,メダパニ系呪文の技巧,水成功率が5%増える,マッシュスライム
68,メダパニ系呪文の技巧,水成功率が5%増える,いしにんぎょう
68,メダパニ系呪文の技巧,水成功率が5%増える,マッドファルコン
69,マホトーンの技巧,水成功率が5%増える,ワイトキング
69,マホトーンの技巧,水成功率が5%増える,コスモグール
69,マホトーンの技巧,水成功率が5%増える,ドルイド
70,マヌーサの技巧,水成功率が5%増える,おにこぞう・強
70,マヌーサの技巧,水成功率が5%増える,ぬくぬくどり
70,マヌーサの技巧,水成功率が5%増える,モスボーイ
70,マヌーサの技巧,水成功率が5%増える,じんめんちょう
70,マヌーサの技巧,水成功率が5%増える,かげのきし・祖
70,マヌーサの技巧,水成功率が5%増える,モテモテ
71,ヴェレ系の技巧,水成功率が5%増える,バブルスライム・強
71,ヴェレ系の技巧,水成功率が5%増える,おばけキノコ・祖
71,ヴェレ系の技巧,水成功率が5%増える,グリーンボーン
72,奇跡の会心攻撃,風会心の一撃のダメージと呪文暴走のダメージが5増える,デスストーカー
72,奇跡の会心攻撃,風会心の一撃のダメージと呪文暴走のダメージが5増える,おにこんぼう
72,奇跡の会心攻撃,風会心の一撃のダメージと呪文暴走のダメージが5増える,トロルキング
72,奇跡の会心攻撃,風会心の一撃のダメージと呪文暴走のダメージが5増える,ダースリカント
72,奇跡の会心攻撃,風会心の一撃のダメージと呪文暴走のダメージが5増える,ホワイトジャッジ
72,奇跡の会心攻撃,風会心の一撃のダメージと呪文暴走のダメージが5増える,ギガデーモン
73,打たれ名人,風受けるダメージを2軽減する,スライム・強
73,打たれ名人,風受けるダメージを2軽減する,クラウンヘッド
73,打たれ名人,風受けるダメージを2軽減する,オーガキング
73,打たれ名人,風受けるダメージを2軽減する,イエローファット
73,打たれ名人,風受けるダメージを2軽減する,だいまじん
73,打たれ名人,風受けるダメージを2軽減する,ベヒードス
73,打たれ名人,風受けるダメージを2軽減する,ライトアーマー
73,打たれ名人,風受けるダメージを2軽減する,リザードマン・祖
73,打たれ名人,風受けるダメージを2軽減する,死のさそり
73,打たれ名人,風受けるダメージを2軽減する,ベヒードス・塔
73,打たれ名人,風受けるダメージを2軽減する,ダークトロル
74,勝ちどきMP回復,風敵を倒すとMPを1回復する,エルダードラゴン
74,勝ちどきMP回復,風敵を倒すとMPを1回復する,サイコマスター
74,勝ちどきMP回復,風敵を倒すとMPを1回復する,ダーティードール
74,勝ちどきMP回復,風敵を倒すとMPを1回復する,たんすミミック
74,勝ちどきMP回復,風敵を倒すとMPを1回復する,ねこまどう・祖
75,気まぐれな追撃,風1%の確率で2回行動,キラーマシン
75,気まぐれな追撃,風1%の確率で2回行動,ガネーシャエビル
75,気まぐれな追撃,風1%の確率で2回行動,バジリスケイル
75,気まぐれな追撃,風1%の確率で2回行動,エメラルドーン
75,気まぐれな追撃,風1%の確率で2回行動,キングリザード
75,気まぐれな追撃,風1%の確率で2回行動,キラーマシン・祖
75,気まぐれな追撃,風1%の確率で2回行動,デンガー
76,復讐のテンションアップ,風味方死亡時3%の確率でテンションアップ,スパイクヘッド
76,復讐のテンションアップ,風味方死亡時3%の確率でテンションアップ,スノーエルダー
76,復讐のテンションアップ,風味方死亡時3%の確率でテンションアップ,レッドイーター
76,復讐のテンションアップ,風味方死亡時3%の確率でテンションアップ,オーロラウンダー
76,復讐のテンションアップ,風味方死亡時3%の確率でテンションアップ,デスストーカー
77,復讐のバイシオン,風味方死亡時3%でバイシオン,ガルバ
77,復讐のバイシオン,風味方死亡時3%でバイシオン,デザートガルバ
77,復讐のバイシオン,風味方死亡時3%でバイシオン,ブルファング
77,復讐のバイシオン,風味方死亡時3%でバイシオン,アームライオン・強
78,復讐のスカラ,風味方死亡時3%の確率で自分にスカラ,ゴルバ
78,復讐のスカラ,風味方死亡時3%の確率で自分にスカラ,デザートゴルバ
78,復讐のスカラ,風味方死亡時3%の確率で自分にスカラ,やみのしょくだい
78,復讐のスカラ,風味方死亡時3%の確率で自分にスカラ,原罪のやどりぎ
78,復讐のスカラ,風味方死亡時3%の確率で自分にスカラ,てっこうまじん・祖
78,復讐のスカラ,風味方死亡時3%の確率で自分にスカラ,ゴーレム・塔
79,復讐の早詠みの杖,風味方死亡時3%の確率で自分に早詠みの杖,ねこまどう・強
79,復讐の早詠みの杖,風味方死亡時3%の確率で自分に早詠みの杖,シャドーサタン
79,復讐の早詠みの杖,風味方死亡時3%の確率で自分に早詠みの杖,ゴルゴンゾーラ
80,復讐の聖なる祈り,風味方死亡時3%の確率で自分に聖なる祈り,はめつの使者
80,復讐の聖なる祈り,風味方死亡時3%の確率で自分に聖なる祈り,トンブレロ・強
80,復讐の聖なる祈り,風味方死亡時3%の確率で自分に聖なる祈り,キメラ・強
81,復讐の聖女の守り,風味方死亡時3%の確率で自分に聖女の守り,ももんじゃ
81,復讐の聖女の守り,風味方死亡時3%の確率で自分に聖女の守り,くびかりぞく
82,復讐の攻撃呪文威力アップ,風味方死亡時3%で呪文威力アップ,ローヤルさそりばち
83,復讐のブレス耐性上昇,風味方死亡時3%の確率で自分にブレス耐性上昇,かいぞくウーパー
83,復讐のブレス耐性上昇,風味方死亡時3%の確率で自分にブレス耐性上昇,ダークゲージ
83,復讐のブレス耐性上昇,風味方死亡時3%の確率で自分にブレス耐性上昇,ドラゴン・塔
84,復讐の呪文耐性上昇,風味方死亡時3%の確率で自分に呪文耐性上昇,コーンホワイト
85,果てなき聖女の守り,風自分にかかっている聖女の守りの効果時間が2秒増える,アンゴラモーア
85,果てなき聖女の守り,風自分にかかっている聖女の守りの効果時間が2秒増える,ミミック
85,果てなき聖女の守り,風自分にかかっている聖女の守りの効果時間が2秒増える,パンドラボックス
85,果てなき聖女の守り,風自分にかかっている聖女の守りの効果時間が2秒増える,ロードコープス
85,果てなき聖女の守り,風自分にかかっている聖女の守りの効果時間が2秒増える,オークィーン
86,果てなき攻撃力アップ,風自分にかかっている攻撃力アップの効果時間が2秒増える,コスモスライム
86,果てなき攻撃力アップ,風自分にかかっている攻撃力アップの効果時間が2秒増える,イーグルデビル
86,果てなき攻撃力アップ,風自分にかかっている攻撃力アップの効果時間が2秒増える,こんぶ大将
86,果てなき攻撃力アップ,風自分にかかっている攻撃力アップの効果時間が2秒増える,ダークプラネット
86,果てなき攻撃力アップ,風自分にかかっている攻撃力アップの効果時間が2秒増える,リザードマン・祖
87,果てなき守備力アップ,風自分にかかっている守備力アップの効果時間が2秒増える,つららスライム
87,果てなき守備力アップ,風自分にかかっている守備力アップの効果時間が2秒増える,ガニラス
87,果てなき守備力アップ,風自分にかかっている守備力アップの効果時間が2秒増える,デンタザウルス
87,果てなき守備力アップ,風自分にかかっている守備力アップの効果時間が2秒増える,デビルアーマー
87,果てなき守備力アップ,風自分にかかっている守備力アップの効果時間が2秒増える,ゴードンヘッド
87,果てなき守備力アップ,風自分にかかっている守備力アップの効果時間が2秒増える,カバリアー
87,果てなき守備力アップ,風自分にかかっている守備力アップの効果時間が2秒増える,ミステリドール
88,果てなき攻撃呪文威力アップ,風自分にかかっている呪文威力アップの効果時間が2秒増える,マーズフェイス
88,果てなき攻撃呪文威力アップ,風自分にかかっている呪文威力アップの効果時間が2秒増える,シルバリヌス
88,果てなき攻撃呪文威力アップ,風自分にかかっている呪文威力アップの効果時間が2秒増える,グレイトマーマン
88,果てなき攻撃呪文威力アップ,風自分にかかっている呪文威力アップの効果時間が2秒増える,アンクルホーン
89,果てなき回復呪文威力アップ,風自分にかかっている回復呪文威力アップ時間が2秒増える,原罪のやどりぎ
89,果てなき回復呪文威力アップ,風自分にかかっている回復呪文威力アップ時間が2秒増える,マリンスライム・強
89,果てなき回復呪文威力アップ,風自分にかかっている回復呪文威力アップ時間が2秒増える,モッツァレーラ
90,共鳴のテンションアップ,風仲間のテンションアップ時1%の確率で自分のテンションもアップする,イエロバングル
90,共鳴のテンションアップ,風仲間のテンションアップ時1%の確率で自分のテンションもアップする,レッドオーガ
90,共鳴のテンションアップ,風仲間のテンションアップ時1%の確率で自分のテンションもアップする,スライムナイト・強
90,共鳴のテンションアップ,風仲間のテンションアップ時1%の確率で自分のテンションもアップする,まんじゅシャモン
90,共鳴のテンションアップ,風仲間のテンションアップ時1%の確率で自分のテンションもアップする,ブラウニー・祖
91,禁断のMPアップ,風最大HP-2、最大MP+2,ミニデーモン
91,禁断のMPアップ,風最大HP-2、最大MP+2,メーダ・強
91,禁断のMPアップ,風最大HP-2、最大MP+2,キマイラロード
91,禁断のMPアップ,風最大HP-2、最大MP+2,デスマドモアゼル
91,禁断のMPアップ,風最大HP-2、最大MP+2,ワイトキング・祖
92,禁断のちからアップ,風みのまもり-5、ちから+1,キラーパンサー
92,禁断のちからアップ,風みのまもり-5、ちから+1,ボストロール
92,禁断のちからアップ,風みのまもり-5、ちから+1,まかいじゅう
92,禁断のちからアップ,風みのまもり-5、ちから+1,プラチナサウルス
92,禁断のちからアップ,風みのまもり-5、ちから+1,グリズリー
92,禁断のちからアップ,風みのまもり-5、ちから+1,ドラゴン・塔
93,禁断のおもさアップ,風移動速度-2%、おもさ+1,トロル
93,禁断のおもさアップ,風移動速度-2%、おもさ+1,ヌーデビル
93,禁断のおもさアップ,風移動速度-2%、おもさ+1,ベヒードス
93,禁断のおもさアップ,風移動速度-2%、おもさ+1,バザックス・強
93,禁断のおもさアップ,風移動速度-2%、おもさ+1,くろがねの巨人
93,禁断のおもさアップ,風移動速度-2%、おもさ+1,ベヒードス・塔
94,禁断のこうげき魔力アップ,風最大HP-3、攻撃魔力+1,ドラキー・強
94,禁断のこうげき魔力アップ,風最大HP-3、攻撃魔力+1,ダークシルフ
94,禁断のこうげき魔力アップ,風最大HP-3、攻撃魔力+1,グーシオン
94,禁断のこうげき魔力アップ,風最大HP-3、攻撃魔力+1,ダークオルニス
95,禁断のかいふく魔力アップ,風最大MP-3、回復魔力+2,ベホマスライム
95,禁断のかいふく魔力アップ,風最大MP-3、回復魔力+2,はめつの使者
95,禁断のかいふく魔力アップ,風最大MP-3、回復魔力+2,モーモン・祖
96,禁断のHPアップ,風最大MPが3下がる、最大HPが1増える,ライオネック
96,禁断のHPアップ,風最大MPが3下がる、最大HPが1増える,ギガンテス・強
96,禁断のHPアップ,風最大MPが3下がる、最大HPが1増える,デュラハーン
97,禁断のきようさアップ,風すばやさ3下がる、きようさ3増える,ファーラット・強
97,禁断のきようさアップ,風すばやさ3下がる、きようさ3増える,キャタピラー・強
97,禁断のきようさアップ,風すばやさ3下がる、きようさ3増える,黒ごまキッズ
97,禁断のきようさアップ,風すばやさ3下がる、きようさ3増える,どくやずきん・祖
98,始まりのヘナトス,風開戦時2%で敵1体にヘナトス,かげのきし
98,始まりのヘナトス,風開戦時2%で敵1体にヘナトス,ブラックマンティス
98,始まりのヘナトス,風開戦時2%で敵1体にヘナトス,イエロバングル
98,始まりのヘナトス,風開戦時2%で敵1体にヘナトス,オベルジーヌ
99,始まりのルカニ,風開戦時2%で敵1体にルカニ,じごくのよろい
99,始まりのルカニ,風開戦時2%で敵1体にルカニ,ウィングデビル
99,始まりのルカニ,風開戦時2%で敵1体にルカニ,まおうのつかい
99,始まりのルカニ,風開戦時2%で敵1体にルカニ,プラチナミミック
100,始まりのボミエ,風開戦時2%で敵1体にボミエ,やみしばり
100,始まりのボミエ,風開戦時2%で敵1体にボミエ,ブルーミンクス
100,始まりのボミエ,風開戦時2%で敵1体にボミエ,なげきムーン
100,始まりのボミエ,風開戦時2%で敵1体にボミエ,プテラノドン・強
100,始まりのボミエ,風開戦時2%で敵1体にボミエ,もみじこぞう・祖
101,始まりのぶきみなひかり,風開戦時2%でぶきみなひかり,ミスターガリック
101,始まりのぶきみなひかり,風開戦時2%でぶきみなひかり,タタリ御前
101,始まりのぶきみなひかり,風開戦時2%でぶきみなひかり,スノーエルダー
102,始まりの重さダウン,風開戦時2%で敵1体に重さダウン,エルダードラゴン
102,始まりの重さダウン,風開戦時2%で敵1体に重さダウン,ギガントドラゴン
102,始まりの重さダウン,風開戦時2%で敵1体に重さダウン,まかいじゅう
103,始まりのラリホー,風開戦時2%で敵1体にラリホー,ドッグラマッコイ
103,始まりのラリホー,風開戦時2%で敵1体にラリホー,プークプック
103,始まりのラリホー,風開戦時2%で敵1体にラリホー,マミー
103,始まりのラリホー,風開戦時2%で敵1体にラリホー,いしにんぎょう・強
103,始まりのラリホー,風開戦時2%で敵1体にラリホー,おばけキノコ・祖
104,始まりのチャージタイム短縮,風開戦時2%でチャージタイム10秒短縮,レジェンドホース
104,始まりのチャージタイム短縮,風開戦時2%でチャージタイム10秒短縮,フォレスドン
104,始まりのチャージタイム短縮,風開戦時2%でチャージタイム10秒短縮,あらなわ明神
104,始まりのチャージタイム短縮,風開戦時2%でチャージタイム10秒短縮,リザードファッツ
104,始まりのチャージタイム短縮,風開戦時2%でチャージタイム10秒短縮,ズッキーニャ・祖
105,始まりのバイシオン,風開戦時2%でバイシオン,ギガントヒルズ
105,始まりのバイシオン,風開戦時2%でバイシオン,ブルーイーター
105,始まりのバイシオン,風開戦時2%でバイシオン,アックスドラゴン
105,始まりのバイシオン,風開戦時2%でバイシオン,くびかりぞく
105,始まりのバイシオン,風開戦時2%でバイシオン,ズッキーニャ
105,始まりのバイシオン,風開戦時2%でバイシオン,ヘルガーディアン
106,始まりの聖女の守り,風開戦時2%で聖女の守り,キラーデーモン
106,始まりの聖女の守り,風開戦時2%で聖女の守り,とげジョボー
106,始まりの聖女の守り,風開戦時2%で聖女の守り,スライムブレス
107,始まりのキラキラポーン,風開戦時2%でキラキラポーン,スカラベキング
107,始まりのキラキラポーン,風開戦時2%でキラキラポーン,バロンナイト
108,始まりの移動速度アップ,風開戦時1%で移動速度アップ,れんごくちょう
108,始まりの移動速度アップ,風開戦時1%で移動速度アップ,さそりばち・強
108,始まりの移動速度アップ,風開戦時1%で移動速度アップ,レジェンドホース
108,始まりの移動速度アップ,風開戦時1%で移動速度アップ,スペースデーモン
109,始まりのHPアップ,風開戦時2%でHP+50,ハーベストドラゴ
109,始まりのHPアップ,風開戦時2%でHP+50,キングスライム・強
109,始まりのHPアップ,風開戦時2%でHP+50,キングリザード・強
109,始まりのHPアップ,風開戦時2%でHP+50,ベスキング
111,メラ系呪文の瞬き,風詠唱速度が2%アップする,きめんどうし
111,メラ系呪文の瞬き,風詠唱速度が2%アップする,おにびドングリ
111,メラ系呪文の瞬き,風詠唱速度が2%アップする,ねこまどう・祖
111,メラ系呪文の瞬き,風詠唱速度が2%アップする,ようがんトーチ
111,メラ系呪文の瞬き,風詠唱速度が2%アップする,魔女グレイツェル強
112,ヒャド系呪文の瞬き,風詠唱速度が3%アップする,つららわたり
112,ヒャド系呪文の瞬き,風詠唱速度が3%アップする,ぐんたいガニ・祖
112,ヒャド系呪文の瞬き,風詠唱速度が3%アップする,ジア・デーモン
112,ヒャド系呪文の瞬き,風詠唱速度が3%アップする,暗黒の使い
112,ヒャド系呪文の瞬き,風詠唱速度が3%アップする,ちょうろうじゅ
112,ヒャド系呪文の瞬き,風詠唱速度が3%アップする,魔女グレイツェル強
113,イオ系呪文の瞬き,風詠唱速度が3%アップする,ヘブンバルーン
113,イオ系呪文の瞬き,風詠唱速度が3%アップする,デスカイザー
113,イオ系呪文の瞬き,風詠唱速度が3%アップする,モノクロームナイト
113,イオ系呪文の瞬き,風詠唱速度が3%アップする,コーンホワイト
113,イオ系呪文の瞬き,風詠唱速度が3%アップする,魔女グレイツェル強
114,バギ系呪文の瞬き,風詠唱速度が4%アップする,グリングリン
114,バギ系呪文の瞬き,風詠唱速度が4%アップする,疾風テング
114,バギ系呪文の瞬き,風詠唱速度が4%アップする,ガチャコッコ・祖
114,バギ系呪文の瞬き,風詠唱速度が4%アップする,堕天のメイス
114,バギ系呪文の瞬き,風詠唱速度が4%アップする,レッドバロン
114,バギ系呪文の瞬き,風詠唱速度が4%アップする,魔女グレイツェル強
115,ドルマ系呪文の瞬き,風詠唱速度が3%アップする,ジャンボドラキー
115,ドルマ系呪文の瞬き,風詠唱速度が3%アップする,ドラキー・祖
115,ドルマ系呪文の瞬き,風詠唱速度が3%アップする,くらやみ僧正
115,ドルマ系呪文の瞬き,風詠唱速度が3%アップする,ドリアンデッド
115,ドルマ系呪文の瞬き,風詠唱速度が3%アップする,オリエンタシス
115,ドルマ系呪文の瞬き,風詠唱速度が3%アップする,魔女グレイツェル強
116,ギラ系呪文の瞬き,風詠唱速度が3%アップする,ジラフマスター
116,ギラ系呪文の瞬き,風詠唱速度が3%アップする,クリオネオン
116,ギラ系呪文の瞬き,風詠唱速度が3%アップする,みならいあくま・祖
116,ギラ系呪文の瞬き,風詠唱速度が3%アップする,エンペラーレグホン
116,ギラ系呪文の瞬き,風詠唱速度が3%アップする,くらやみ僧正
117,ドガン系呪文の瞬き,風詠唱速度が3%アップする,グーシオン
117,ドガン系呪文の瞬き,風詠唱速度が3%アップする,おばけキノコ・祖
117,ドガン系呪文の瞬き,風詠唱速度が3%アップする,デザートモデル
118,ジバ系呪文の瞬き,風詠唱速度が3%アップする,プリズンイーグル
119,マダンテの瞬き,風詠唱速度が3%アップする,にじくじゃく
120,マホトラの瞬き,風詠唱速度が4%アップする,スターキメラ
120,マホトラの瞬き,風詠唱速度が4%アップする,くらやみハーピー
121,ホイミ系呪文の瞬き,風詠唱速度が2%アップする,ベホマスライム
121,ホイミ系呪文の瞬き,風詠唱速度が2%アップする,シャドーサタン
121,ホイミ系呪文の瞬き,風詠唱速度が2%アップする,スライムマデュラ
121,ホイミ系呪文の瞬き,風詠唱速度が2%アップする,モーモン・祖
121,ホイミ系呪文の瞬き,風詠唱速度が2%アップする,エンゼルアーマー
122,ザオの瞬き,風詠唱速度が5%アップする,プロメテモス
123,ザオリクの瞬き,風詠唱速度が4%アップする,オークィーン
123,ザオリクの瞬き,風詠唱速度が4%アップする,リターナーモア
124,ザオラルの瞬き,風詠唱速度が3%アップする,いしにんぎょう
124,ザオラルの瞬き,風詠唱速度が3%アップする,オーロラウンダー
125,バイキルト系呪文の瞬き,風詠唱速度が3%アップする,ぶっちズキーニャ
125,バイキルト系呪文の瞬き,風詠唱速度が3%アップする,アッシュリザード
125,バイキルト系呪文の瞬き,風詠唱速度が3%アップする,デスロマニズム
125,バイキルト系呪文の瞬き,風詠唱速度が3%アップする,じごくのおくり火
126,スカラ系呪文の瞬き,風詠唱速度が3%アップする,れんごくの番兵
126,スカラ系呪文の瞬き,風詠唱速度が3%アップする,ぐんたいガニ・強
126,スカラ系呪文の瞬き,風詠唱速度が3%アップする,リリパット・祖
126,スカラ系呪文の瞬き,風詠唱速度が3%アップする,とっしんこぞう
127,ピオラ系呪文の瞬き,風詠唱速度が3%アップする,プロメテモス
127,ピオラ系呪文の瞬き,風詠唱速度が3%アップする,ニードルマン・強
128,フバーハ系呪文の瞬き,風詠唱速度が3%アップする,グーシオン
128,フバーハ系呪文の瞬き,風詠唱速度が3%アップする,キメラ・強
128,フバーハ系呪文の瞬き,風詠唱速度が3%アップする,キースドラゴン
128,フバーハ系呪文の瞬き,風詠唱速度が3%アップする,リトルライバーン
129,マジックバリアの瞬き,風詠唱速度が3%アップする,エルダーフレイム
129,マジックバリアの瞬き,風詠唱速度が3%アップする,マジックフライ・強
130,ズッシードの瞬き,風詠唱速度が3%アップする,れんごくの番兵
130,ズッシードの瞬き,風詠唱速度が3%アップする,ガメゴン
130,ズッシードの瞬き,風詠唱速度が3%アップする,タホバルキー
130,ズッシードの瞬き,風詠唱速度が3%アップする,ジラフドラグーン
131,マホカンタ系呪文の瞬き,風詠唱速度が4%アップする,つららスライム
131,マホカンタ系呪文の瞬き,風詠唱速度が4%アップする,サーバルスカイ
131,マホカンタ系呪文の瞬き,風詠唱速度が4%アップする,ガメゴンロード
131,マホカンタ系呪文の瞬き,風詠唱速度が4%アップする,くらやみ僧正
131,マホカンタ系呪文の瞬き,風詠唱速度が4%アップする,ガメゴンレジェンド
132,マホキテの瞬き,風詠唱速度が3%アップする,ホークマン
132,マホキテの瞬き,風詠唱速度が3%アップする,グリーンシザー・強
132,マホキテの瞬き,風詠唱速度が3%アップする,ホークマン・塔
133,ヘナトス系の瞬き,風詠唱速度が2%アップする,ヒョウモンダーク
133,ヘナトス系の瞬き,風詠唱速度が2%アップする,フラッペリン
133,ヘナトス系の瞬き,風詠唱速度が2%アップする,ジェイドウォリアー
134,ルカニ系呪文の瞬き,風詠唱速度が3%アップする,ほのおのせんし
134,ルカニ系呪文の瞬き,風詠唱速度が3%アップする,スーパーダーキズム
134,ルカニ系呪文の瞬き,風詠唱速度が3%アップする,コットンキャンディ
134,ルカニ系呪文の瞬き,風詠唱速度が3%アップする,タホドラキー・祖
135,ボミエ系呪文の瞬き,風詠唱速度が3%アップする,プロメテモス
135,ボミエ系呪文の瞬き,風詠唱速度が3%アップする,スーパーダーキズム
136,ディバインスペルの瞬き,風詠唱速度が3%アップする,こうていタップ
136,ディバインスペルの瞬き,風詠唱速度が3%アップする,ゴルバ・強
137,ラリホー系呪文の瞬き,風詠唱速度が3%アップする,あくまのきし
137,ラリホー系呪文の瞬き,風詠唱速度が3%アップする,コンキスタグール
137,ラリホー系呪文の瞬き,風詠唱速度が3%アップする,ミステリドール
137,ラリホー系呪文の瞬き,風詠唱速度が3%アップする,キラーアーマー
137,ラリホー系呪文の瞬き,風詠唱速度が3%アップする,マタンゴ・祖
137,ラリホー系呪文の瞬き,風詠唱速度が3%アップする,ウールギズモ
138,メダパニ系呪文の瞬き,風詠唱速度が3%アップする,きめんどうし
138,メダパニ系呪文の瞬き,風詠唱速度が3%アップする,マジックデモニスム
138,メダパニ系呪文の瞬き,風詠唱速度が3%アップする,ピンキーマッシュ
139,マホトーンの瞬き,風詠唱速度が3%アップする,ホークマン
139,マホトーンの瞬き,風詠唱速度が3%アップする,サイレス・強
139,マホトーンの瞬き,風詠唱速度が3%アップする,ホークマン・塔
139,マホトーンの瞬き,風詠唱速度が3%アップする,ダースドラゴン
140,マヌーサの瞬き,風詠唱速度が3%アップする,ウコバック
140,マヌーサの瞬き,風詠唱速度が3%アップする,シャイニング
140,マヌーサの瞬き,風詠唱速度が3%アップする,ヘルビースト・強
141,ヴェレ系の瞬き,風詠唱速度が3%アップする,ポイズントリル・強
141,ヴェレ系の瞬き,風詠唱速度が3%アップする,モスボーイ
141,ヴェレ系の瞬き,風詠唱速度が3%アップする,どくやずきん・祖
144,戦士の閃き,光必殺チャージ率が0.5%増える,さそりばち・強
144,戦士の閃き,光必殺チャージ率が0.5%増える,ホワイトパンサー
145,会心必中の極意,光ダメージが10%増える,メタッピー・強
146,かばうの極意,光かばう中に受けるダメージを1減らす,ダークポックル
146,かばうの極意,光かばう中に受けるダメージを1減らす,ビッグモアイ
147,たいあたりの極意,光ダメージが5%増える,テラノライナー
147,たいあたりの極意,光ダメージが5%増える,サウルスロード
147,たいあたりの極意,光ダメージが5%増える,バザックス
147,たいあたりの極意,光ダメージが5%増える,とっしんこぞう
148,やいばくだきの極意,光ダメージが5%増える,ダークポックル
148,やいばくだきの極意,光ダメージが5%増える,ブラックチャック
148,やいばくだきの極意,光ダメージが5%増える,レッドイーター
149,チャージタックルの極意,光ダメージが5%増える,トリカトラプス
149,チャージタックルの極意,光ダメージが5%増える,ワニバーン
149,チャージタックルの極意,光ダメージが5%増える,かいぞくウーパー
149,チャージタックルの極意,光ダメージが5%増える,ダークパラディン
150,真・やいばくだきの極意,光ダメージが3%増える,グリンバングル
150,真・やいばくだきの極意,光ダメージが3%増える,メガトンチャンプ
150,真・やいばくだきの極意,光ダメージが3%増える,スペースデーモン
150,真・やいばくだきの極意,光ダメージが3%増える,がいこつ・強
151,真・やいばくだきの技巧,光成功率が5%増える,エビルソーサラー
151,真・やいばくだきの技巧,光成功率が5%増える,メギドロイド
151,真・やいばくだきの技巧,光成功率が5%増える,さまようよろい・強
151,真・やいばくだきの技巧,光成功率が5%増える,しにがみ
151,真・やいばくだきの技巧,光成功率が5%増える,アカツキショウグン
152,僧侶の閃き,光必殺チャージ率が0.5%増える,キメラ・強
153,果てなきマホトラのころも,光効果時間が5秒長くなる,ナイトメーア
153,果てなきマホトラのころも,光効果時間が5秒長くなる,ヒイラギどうじ
153,果てなきマホトラのころも,光効果時間が5秒長くなる,笛吹き羊男
154,聖女の守りの瞬き,光発動速度が5%アップ,フギンムニン
154,聖女の守りの瞬き,光発動速度が5%アップ,あやシイタケ
155,天使の守りの瞬き,光発動速度が5%アップ,コサックシープ
155,天使の守りの瞬き,光発動速度が5%アップ,ヘルカッチャ
155,天使の守りの瞬き,光発動速度が5%アップ,スライムベホマズン
155,天使の守りの瞬き,光発動速度が5%アップ,グリゴリぼうず
156,ホーリーライトの極意,光ダメージが5%増える,プリーストナイト
156,ホーリーライトの極意,光ダメージが5%増える,アモデウス
156,ホーリーライトの極意,光ダメージが5%増える,スライムベホマズン
157,魔法使いの閃き,光必殺チャージ率が0.5%増える,ねこまどう・強
158,メドローアの極意,光ダメージ2%増える,あくま神官・強
158,メドローアの極意,光ダメージ2%増える,メイジももんじゃ
158,メドローアの極意,光ダメージ2%増える,ねこまどう・祖
159,武闘家の閃き,光必殺チャージ率が0.5%増える,れんごくまちょう
160,一喝の極意,光一喝時10%の確率で追加でテンションアップ,おおくちばし・強
160,一喝の極意,光一喝時10%の確率で追加でテンションアップ,ヒクイナドン
161,崩命拳の極意,光ダメージ2%増える,ごうけつぐま
161,崩命拳の極意,光ダメージ2%増える,ギガントモンキー
162,ためるの極意,光ためるでさらに1%の確率で1段階テンションアップする,アームライオン
162,ためるの極意,光ためるでさらに1%の確率で1段階テンションアップする,スパイクヘッド
162,ためるの極意,光ためるでさらに1%の確率で1段階テンションアップする,まんじゅシャモン
162,ためるの極意,光ためるでさらに1%の確率で1段階テンションアップする,ヘルガーディアン
163,めいそうの奇跡,光めいそうの回復量が3%増える,ナウマンボーグ
163,めいそうの奇跡,光めいそうの回復量が3%増える,バッファロン
163,めいそうの奇跡,光めいそうの回復量が3%増える,ガネーシャエビル
164,ためる弐の極意,光ためる弐でさらに1%の確率で1段階テンションアップする,エリミネーター
164,ためる弐の極意,光ためる弐でさらに1%の確率で1段階テンションアップする,バロンナイト
164,ためる弐の極意,光ためる弐でさらに1%の確率で1段階テンションアップする,ブルサベージ
164,ためる弐の極意,光ためる弐でさらに1%の確率で1段階テンションアップする,フンガー
165,無念無想の奇跡,光MP回復量が2%増える,アイスボンバー
165,無念無想の奇跡,光MP回復量が2%増える,ブルーイーター
165,無念無想の奇跡,光MP回復量が2%増える,ブルファング
165,無念無想の奇跡,光MP回復量が2%増える,ブルジャックル
166,ためる参の極意,光ためる参でさらに1%の確率で1段階テンションアップする,ダーティードール
166,ためる参の極意,光ためる参でさらに1%の確率で1段階テンションアップする,レッドオーガ
166,ためる参の極意,光ためる参でさらに1%の確率で1段階テンションアップする,アンクルホーン
167,打成一片の極意,光威力＋3%増える,ズッキーニャ
167,打成一片の極意,光威力＋3%増える,ヘルビースト・強
168,盗賊の閃き,光必殺チャージ率が0.5%増える,ダークファンタズマ
169,お宝ハンターの極意,光ダメージが50増える,さんぞくウルフ・強
169,お宝ハンターの極意,光ダメージが50増える,おどるほうせき・強
171,サプライズラッシュの極意,光ダメージが5%増える,やみしばり
171,サプライズラッシュの極意,光ダメージが5%増える,ブラックチャック
171,サプライズラッシュの極意,光ダメージが5%増える,モヒカント
171,サプライズラッシュの極意,光ダメージが5%増える,マミー
172,サプライズラッシュの技巧,光成功率が2%増える,ブリザードマン
172,サプライズラッシュの技巧,光成功率が2%増える,てつのさそり
172,サプライズラッシュの技巧,光成功率が2%増える,とろろ将軍
173,ネバネバ爆弾の戦域,光射程距離が0.3m増える,どくろあらい・強
173,ネバネバ爆弾の戦域,光射程距離が0.3m増える,ピンキーマッシュ
173,ネバネバ爆弾の戦域,光射程距離が0.3m増える,岩のり童子
173,ネバネバ爆弾の戦域,光射程距離が0.3m増える,ドロヌーバ・強
174,旅芸人の閃き,光必殺チャージ率が0.5%増える,テンツク
174,旅芸人の閃き,光必殺チャージ率が0.5%増える,ゴルバ・強
175,トリックゾーンの極意,光ダメージ2%増える,マタンゴ
175,トリックゾーンの極意,光ダメージ2%増える,パペットマン・強
176,果てなきタップダンス,光効果時間が5秒長くなる,ゴルバ
176,果てなきタップダンス,光効果時間が5秒長くなる,パペットマン
176,果てなきタップダンス,光効果時間が5秒長くなる,コサックシープ
176,果てなきタップダンス,光効果時間が5秒長くなる,ディアブラダ
176,果てなきタップダンス,光効果時間が5秒長くなる,テンツク・祖
177,キラージャグリングの極意,光ダメージが3%増える,キラージャック
177,キラージャグリングの極意,光ダメージが3%増える,バアルゼブブ
177,キラージャグリングの極意,光ダメージが3%増える,イーグルデビル
177,キラージャグリングの極意,光ダメージが3%増える,おどるほうせき・強
178,ハッスルダンスの奇跡,光HP回復量が3%増える,エンタシスマン
178,ハッスルダンスの奇跡,光HP回復量が3%増える,ランプのまじん
179,ハッスルダンスの戦域,光効果範囲が0.3m増える,やみのしょくだい
179,ハッスルダンスの戦域,光効果範囲が0.3m増える,テンツク
179,ハッスルダンスの戦域,光効果範囲が0.3m増える,ラストテンツク
179,ハッスルダンスの戦域,光効果範囲が0.3m増える,ガルバ・強
180,ゴッドジャグリングの極意,光ダメージが3%増える,ヘルカッチャ
180,ゴッドジャグリングの極意,光ダメージが3%増える,スターレミング
180,ゴッドジャグリングの極意,光ダメージが3%増える,デスケルト
180,ゴッドジャグリングの極意,光ダメージが3%増える,スカラベキング
181,たたかいのビートの戦域,光効果範囲が0.3m増える,メガトンチャンプ
181,たたかいのビートの戦域,光効果範囲が0.3m増える,コーラルディモス
181,たたかいのビートの戦域,光効果範囲が0.3m増える,アゲアゲラーバ
182,いやしのメロディの戦域,光範囲が1m増える,ファーラット・強
182,いやしのメロディの戦域,光範囲が1m増える,ドロヌーバ・強
182,いやしのメロディの戦域,光範囲が1m増える,モーモン・祖
183,バトルマスターの閃き,光必殺チャージ率が0.5%増える,いっかくウサギ・強
184,ラッシュバーンの極意,光ダメージ2%増える,マッドファルコン
184,ラッシュバーンの極意,光ダメージ2%増える,闇のキリンジ
185,とうこん討ちの極意,光ダメージが5%増える,スパイクヘッド
185,とうこん討ちの極意,光ダメージが5%増える,エリミネーター
185,とうこん討ちの極意,光ダメージが5%増える,レッドオーガ
186,もろば斬りの極意,光ダメージが3%増える,ナウマンボーグ
186,もろば斬りの極意,光ダメージが3%増える,てっこうまじん
186,もろば斬りの極意,光ダメージが3%増える,エリミネーター
187,無心こうげきの極意,光ダメージが5%増える,ブルファング
187,無心こうげきの極意,光ダメージが5%増える,ヘルクラッシャー
187,無心こうげきの極意,光ダメージが5%増える,ブルサベージ
188,天下無双の極意,光ダメージが3%増える,ずしおうまる
188,天下無双の極意,光ダメージが3%増える,ヘルクラッシャー
188,天下無双の極意,光ダメージが3%増える,キングリザード
188,天下無双の極意,光ダメージが3%増える,キラーシーカー
189,果てなきテンションバーン,光効果時間が3秒長くなる,ヒポせんし
189,果てなきテンションバーン,光効果時間が3秒長くなる,ヒッポキング
189,果てなきテンションバーン,光効果時間が3秒長くなる,キマイラロード
189,果てなきテンションバーン,光効果時間が3秒長くなる,コーラルディモス
189,果てなきテンションバーン,光効果時間が3秒長くなる,リカント
190,果てなきミラクルブースト,光効果時間が3秒長くなる,じごくのよろい
190,果てなきミラクルブースト,光効果時間が3秒長くなる,デビルプリンス
190,果てなきミラクルブースト,光効果時間が3秒長くなる,しにがみのきし
191,古今無双の極意,光ダメージが1%増える,キングリザード・強
191,古今無双の極意,光ダメージが1%増える,ライオネック
192,パラディンの閃き,光必殺チャージ率が0.5%増える,ヘルプラネット
193,果てなきパラディンガード,光効果時間が1秒長くなる,サイおとこ・強
193,果てなきパラディンガード,光効果時間が1秒長くなる,ヘルカッチャ・強
193,果てなきパラディンガード,光効果時間が1秒長くなる,グリーンボーン
194,果てなき聖光の鎧,光効果時間2秒増える,ガメゴン
194,果てなき聖光の鎧,光効果時間2秒増える,ダークパラディン
195,におうだちの極意,光におうだち中に受けるダメージを1減らす,シールドオーガ
195,におうだちの極意,光におうだち中に受けるダメージを1減らす,ストーンマン
195,におうだちの極意,光におうだち中に受けるダメージを1減らす,ぐんたいガニ・祖
196,果てなきヘヴィチャージ,光効果時間が3秒長くなる,ライノスキング
196,果てなきヘヴィチャージ,光効果時間が3秒長くなる,なげきムーン
196,果てなきヘヴィチャージ,光効果時間が3秒長くなる,ミステリドール
196,果てなきヘヴィチャージ,光効果時間が3秒長くなる,だいまじん
197,大ぼうぎょの極意,光大ぼうぎょ中に受けるダメージを2%減らす,ゴードンヘッド
197,大ぼうぎょの極意,光大ぼうぎょ中に受けるダメージを2%減らす,バザックス
197,大ぼうぎょの極意,光大ぼうぎょ中に受けるダメージを2%減らす,ぐんたいガニ・強
197,大ぼうぎょの極意,光大ぼうぎょ中に受けるダメージを2%減らす,ソルジャーブル
198,グランドネビュラの極意,光ダメージが5%増える,バザックス
198,グランドネビュラの極意,光ダメージが5%増える,クラウンヘッド
198,グランドネビュラの極意,光ダメージが5%増える,オーガキング
199,果てなき鉄壁の進軍,光効果時間が1秒増える,デビルアーマー・強
199,果てなき鉄壁の進軍,光効果時間が1秒増える,ダークパラディン
200,魔法戦士の閃き,光必殺チャージ率が0.5%増える,おばけキノコ
201,マジックルーレットの戦域,光効果範囲が0.3m増える,ぬすっとウサギ・強
202,エナジーフォールの極意,光ダメージ2%増える,ねこまどう・強
202,エナジーフォールの極意,光ダメージ2%増える,オルフェウス
203,フォースブレイクの極意,光ダメージが6%増える,リザードマン・強
203,フォースブレイクの極意,光ダメージが6%増える,マッドルーパー・強
204,フォースブレイクの技巧,光成功率が2%増える,マジックアーマー
204,フォースブレイクの技巧,光成功率が2%増える,シルエト
204,フォースブレイクの技巧,光成功率が2%増える,カイザードラゴン
205,レンジャーの閃き,光必殺チャージ率が0.5%増える,ドラポヨロン
205,レンジャーの閃き,光必殺チャージ率が0.5%増える,エンタシスマン・強
206,アヌビスアタックの極意,光ダメージ2%増える,コンキスタグール
206,アヌビスアタックの極意,光ダメージ2%増える,しにがみきぞく・強
207,てなづけるの技巧,光成功率が2%増える,ガルバ
207,てなづけるの技巧,光成功率が2%増える,デザートガルバ
207,てなづけるの技巧,光成功率が2%増える,プリズニャン・強
208,メタルトラップの技巧,光成功率が6%増える,メタルスライム
208,メタルトラップの技巧,光成功率が6%増える,ゴールデントーテム
208,メタルトラップの技巧,光成功率が6%増える,はぐれメタル
208,メタルトラップの技巧,光成功率が6%増える,メタルブラザーズ
208,メタルトラップの技巧,光成功率が6%増える,メタルキング
208,メタルトラップの技巧,光成功率が6%増える,ゴールドマン
209,オオカミアタックの極意,光ダメージが3%増える,フレイムドック
209,オオカミアタックの極意,光ダメージが3%増える,ウイングタイガー
210,まもりのきりの戦域,光効果範囲が0.3m増える,ケツァルコアトルス
211,あんこくのきりの技巧,光成功率が2%増える,じめじめバブル
211,あんこくのきりの技巧,光成功率が2%増える,シーザーレインボー
211,あんこくのきりの技巧,光成功率が2%増える,ゲルバトロス
211,あんこくのきりの技巧,光成功率が2%増える,ひとくいが
212,フェンリルアタックの極意,光ダメージが3%増える,ダークパンサー
212,フェンリルアタックの極意,光ダメージが3%増える,やつざきアニマル
212,フェンリルアタックの極意,光ダメージが3%増える,ヌーデビル
213,紅蓮蝶のきりの戦域,光範囲が0.3m増える,笛吹き羊男
213,紅蓮蝶のきりの戦域,光範囲が0.3m増える,トンブレロ・強
213,紅蓮蝶のきりの戦域,光範囲が0.3m増える,ジェイドウォリアー
213,紅蓮蝶のきりの戦域,光範囲が0.3m増える,マージマタンゴ
213,紅蓮蝶のきりの戦域,光範囲が0.3m増える,じんめんちょう
214,賢者の閃き,光必殺チャージ率が0.5%増える,ドラキー・強
214,賢者の閃き,光必殺チャージ率が0.5%増える,あくま神官・強
215,果てなき神の息吹,光効果時間が5秒長くなる,ツイストサイダー
215,果てなき神の息吹,光効果時間が5秒長くなる,じんめんじゅ・強
216,いやしの雨の瞬き,光発動速度が5%アップ,メタルホイミン
216,いやしの雨の瞬き,光発動速度が5%アップ,アルケミストン
217,魔導の書の技巧,光成功率が8%増える,バルバロッサ
217,魔導の書の技巧,光成功率が8%増える,ろうごくのぬし
217,魔導の書の技巧,光成功率が8%増える,ミスターガリック
217,魔導の書の技巧,光成功率が8%増える,スピリットフレイム
218,スーパースターの閃き,光必殺チャージ率が0.5%増える,おおさそり
219,果てなきモンスターゾーン,光効果時間が2秒長くなる,ポイズントリル・強
219,果てなきモンスターゾーン,光効果時間が2秒長くなる,メカジラフ
220,果てなき銀幕の世界,光効果時間1秒増える,スーパーテンツク
220,果てなき銀幕の世界,光効果時間1秒増える,マダムコーン
221,サインぜめの極意,光ダメージが50%増える,くものきょじん
221,サインぜめの極意,光ダメージが50%増える,プチアーノン・強
221,サインぜめの極意,光ダメージが50%増える,スペースデーモン
222,スキャンダルの技巧,光成功率が2%増える,ヘルビースト
222,スキャンダルの技巧,光成功率が2%増える,ゴードンヘッド
222,スキャンダルの技巧,光成功率が2%増える,スカラベキング
222,スキャンダルの技巧,光成功率が2%増える,クイーンスライム
223,メイクアップの瞬き,光発動速度が5%アップ,ブラッディ・ゼア
223,メイクアップの瞬き,光発動速度が5%アップ,コーンホワイト
223,メイクアップの瞬き,光発動速度が5%アップ,ニードルうさこ
224,プレシャスレインの極意,光威力＋3%増える,マダムコーン
224,プレシャスレインの極意,光威力＋3%増える,くらやみハーピー
224,プレシャスレインの極意,光威力＋3%増える,ブルジョワハンド
225,まもの使いの閃き,光必殺チャージ率が0.5%増える,ごうけつぐま
225,まもの使いの閃き,光必殺チャージ率が0.5%増える,ヘルカッチャ・強
226,果てなきビーストモード,光効果時間が2秒長くなる,シルバーベア
226,果てなきビーストモード,光効果時間が2秒長くなる,ギガントモンキー
227,流星爪牙の極意,光ダメージ2%増える,マーブルヴォルク
227,流星爪牙の極意,光ダメージ2%増える,ホワイトパンサー
227,流星爪牙の極意,光ダメージ2%増える,グリズリー
228,ブレスクラッシュの極意,光ダメージが5%増える,ギガントヒルズ
228,ブレスクラッシュの極意,光ダメージが5%増える,ギガントドラゴン
229,ブレスクラッシュの技巧,光成功率が5%増える,ダースギズモ
229,ブレスクラッシュの技巧,光成功率が5%増える,じごくのドアボーイ
230,スキルクラッシュの極意,光ダメージが5%増える,バッファロン
230,スキルクラッシュの極意,光ダメージが5%増える,ブルーイーター
230,スキルクラッシュの極意,光ダメージが5%増える,タホドラキー・祖
231,スキルクラッシュの技巧,光成功率が5%増える,ひとくいばこ
231,スキルクラッシュの技巧,光成功率が5%増える,ミミック
231,スキルクラッシュの技巧,光成功率が5%増える,パンドラボックス
231,スキルクラッシュの技巧,光成功率が5%増える,プラチナミミック
232,果てなきウォークライ,光効果時間が1秒長くなる,キングリザード
232,果てなきウォークライ,光効果時間が1秒長くなる,スペースデビル
232,果てなきウォークライ,光効果時間が1秒長くなる,リザードファッツ
232,果てなきウォークライ,光効果時間が1秒長くなる,キースドラゴン
233,ビーストファングの極意,光威力＋3%増える,サイレス・強
233,ビーストファングの極意,光威力＋3%増える,ギガントヒルズ・強
234,どうぐ使いの閃き,光必殺チャージ率が0.5%増える,ジュラシックロイド
235,アブソリュートレイの極意,光ダメージ2%増える,シャイニング
235,アブソリュートレイの極意,光ダメージ2%増える,スラマシンＺ
235,アブソリュートレイの極意,光ダメージ2%増える,デザートモデル
236,果てなきどうぐ倍化術,光効果時間が3秒長くなる,ひとくいばこ
236,果てなきどうぐ倍化術,光効果時間が3秒長くなる,スライムボーグ
236,果てなきどうぐ倍化術,光効果時間が3秒長くなる,ひとくいばこ・祖
237,磁界シールドの瞬き,光発動速度が5%アップ,てっこうまじん
237,磁界シールドの瞬き,光発動速度が5%アップ,からくりしょうぐん
237,磁界シールドの瞬き,光発動速度が5%アップ,コスモアイ
238,果てなきどうぐ範囲化術,光効果時間が3秒長くなる,スライムボーグ
238,果てなきどうぐ範囲化術,光効果時間が3秒長くなる,ミミック
238,果てなきどうぐ範囲化術,光効果時間が3秒長くなる,パンドラボックス
239,メディカルデバイスの瞬き,光発動速度が5%アップ,ルバンカ
239,メディカルデバイスの瞬き,光発動速度が5%アップ,デュランダル
239,メディカルデバイスの瞬き,光発動速度が5%アップ,じごくのつかい
240,プラズマリムーバーの瞬き,光発動速度が5%アップ,ホラービースト
240,プラズマリムーバーの瞬き,光発動速度が5%アップ,ツイストーチ
240,プラズマリムーバーの瞬き,光発動速度が5%アップ,トリカトラプス
241,プラズマリムーバーの戦域,光効果範囲が0.5m増える,スーパーダーキズム
241,プラズマリムーバーの戦域,光効果範囲が0.5m増える,メカジラフ
242,バイキルエンハンスの瞬き,光発動速度が5%アップ,ツイストサイダー
242,バイキルエンハンスの瞬き,光発動速度が5%アップ,ラストテンツク
242,バイキルエンハンスの瞬き,光発動速度が5%アップ,クリオネオン
242,バイキルエンハンスの瞬き,光発動速度が5%アップ,かまいたち
242,バイキルエンハンスの瞬き,光発動速度が5%アップ,だいまじん・祖
243,踊り子の閃き,光必殺チャージ率が0.5%増える,スーパーテンツク
243,踊り子の閃き,光必殺チャージ率が0.5%増える,ラストテンツク
243,踊り子の閃き,光必殺チャージ率が0.5%増える,ジェントルダンス
244,よみがえり節の瞬き,光発動速度が5%アップ,フォレストドラゴ
244,よみがえり節の瞬き,光発動速度が5%アップ,ヒイラギどうじ
244,よみがえり節の瞬き,光発動速度が5%アップ,笛吹き羊男
244,よみがえり節の瞬き,光発動速度が5%アップ,フォレドラ・塔
245,魔力のバラードの瞬き,光発動速度が5%アップ,フラワーゾンビ
245,魔力のバラードの瞬き,光発動速度が5%アップ,シャドー
245,魔力のバラードの瞬き,光発動速度が5%アップ,くろカビこぞう
246,回復のララバイの瞬き,光発動速度が5%アップ,ひくいどり
246,回復のララバイの瞬き,光発動速度が5%アップ,プークプック
246,回復のララバイの瞬き,光発動速度が5%アップ,じごくのつかい
246,回復のララバイの瞬き,光発動速度が5%アップ,ツイストーチ
247,ドラゴンステップの技巧,光成功率が5%増える,みずたまドラゴン
247,ドラゴンステップの技巧,光成功率が5%増える,ヘルジュラシック
248,ビーナスステップの技巧,光成功率が5%増える,シルバーデビル
248,ビーナスステップの技巧,光成功率が5%増える,ウイングタイガー
248,ビーナスステップの技巧,光成功率が5%増える,オベルジーヌ
248,ビーナスステップの技巧,光成功率が5%増える,ブラッディ・ゼア
249,ロイヤルステップの技巧,光成功率が5%増える,ドッグラマッコイ
249,ロイヤルステップの技巧,光成功率が5%増える,パンプキッズ
249,ロイヤルステップの技巧,光成功率が5%増える,エビルソーサラー
249,ロイヤルステップの技巧,光成功率が5%増える,フラッペリン
250,つるぎの舞の極意,光ダメージが5%増える,キラージャック
250,つるぎの舞の極意,光ダメージが5%増える,サイコマスター
250,つるぎの舞の極意,光ダメージが5%増える,ディアブラダ
250,つるぎの舞の極意,光ダメージが5%増える,ソルジャーブル
251,戦鬼の乱れ舞の瞬き,光発動速度が5%アップ,ソードフライヤー
251,戦鬼の乱れ舞の瞬き,光発動速度が5%アップ,バーサーカー
251,戦鬼の乱れ舞の瞬き,光発動速度が5%アップ,おにこんぼう
252,占い師の閃き,光必殺チャージ率が0.5%増える,はりつきあくま
252,占い師の閃き,光必殺チャージ率が0.5%増える,メイデンドール
253,果てなき魅惑の水晶球,光効果時間が3秒増える,まおうのかげ
253,果てなき魅惑の水晶球,光効果時間が3秒増える,デスマーキュリー
253,果てなき魅惑の水晶球,光効果時間が3秒増える,デスロマニズム
254,魅惑の水晶球の瞬き,光発動速度が5%アップ,キラーマシン・強
255,復活の魅惑の水晶球,光復活時5%で魅惑の水晶球,キャタピラー・強
256,始まりの魅惑の水晶球,光開戦時5%で魅惑の水晶球,マドハンド・強
256,始まりの魅惑の水晶球,光開戦時5%で魅惑の水晶球,くらやみハーピー
257,果てなきワイルドカード,光効果時間が3秒増える,ダッシュラン・強
258,正義のタロットの極意,光ダメージが2%増える,ダックスビル
258,正義のタロットの極意,光ダメージが2%増える,ライトアーマー
259,戦車のタロットの極意,光ダメージが2%増える,ダークトロル
260,塔のタロットの極意,光ダメージが2%増える,ライオネック
261,罪人のタロットの極意,光ダメージが2%増える,パンプキッズ・強
261,罪人のタロットの極意,光ダメージが2%増える,シャドーメイル
262,隠者のタロットの極意,光ダメージが2%増える,さんぞくウルフ・強
263,死神のタロットの極意,光ダメージが2%増える,モーモン・強
263,死神のタロットの極意,光ダメージが2%増える,シャドーメイル
263,死神のタロットの極意,光ダメージが2%増える,モノクロームナイト
264,天地雷鳴士の閃き,光必殺チャージ率が0.5%増える,パンプキッズ・強
265,シュジャク召喚の極意,光ダメージ2%増える,れんごくまちょう
265,シュジャク召喚の極意,光ダメージ2%増える,カラポッポ
266,ひばしらの極意,光ダメージが3%増える,ランタンこぞう
266,ひばしらの極意,光ダメージが3%増える,蒼炎の使徒
266,ひばしらの極意,光ダメージが3%増える,カラポッポ
267,じわれの極意,光ダメージが3%増える,ヘルビースト
267,じわれの極意,光ダメージが3%増える,ジャンボドラキー
268,いなずまの極意,光ダメージが3%増える,サンダーシャウト
268,いなずまの極意,光ダメージが3%増える,メーダ・強
268,いなずまの極意,光ダメージが3%増える,コンキスタグール
268,いなずまの極意,光ダメージが3%増える,オルフェウス
268,いなずまの極意,光ダメージが3%増える,むくろカサゴ
269,めいどうふうまの極意,光ダメージが3%増える,マジックフライ・強
269,めいどうふうまの極意,光ダメージが3%増える,デンガー
269,めいどうふうまの極意,光ダメージが3%増える,デザートデーモン
270,マグマの極意,光ダメージが1%増える,マグマロン
270,マグマの極意,光ダメージが1%増える,ボーンバット・強
270,マグマの極意,光ダメージが1%増える,ドラゴンライダー
271,水神のたつまきの極意,光ダメージが1%増える,ヒッポカンバー
271,水神のたつまきの極意,光ダメージが1%増える,疾風テング
271,水神のたつまきの極意,光ダメージが1%増える,ウパソルジャー
271,水神のたつまきの極意,光ダメージが1%増える,ギガントヒルズ・強
272,れんごく火炎の極意,光ダメージが1%増える,カナリアーノ
272,れんごく火炎の極意,光ダメージが1%増える,にじくじゃく
272,れんごく火炎の極意,光ダメージが1%増える,デスフラッター
273,しんくう竜巻の極意,光威力＋1%増える,疾風テング
273,しんくう竜巻の極意,光威力＋1%増える,フォンデュ・強
273,しんくう竜巻の極意,光威力＋1%増える,ホークマン・強
274,遊び人の閃き,光必殺チャージ率が0.5%増える,ゴールデンスライム
274,遊び人の閃き,光必殺チャージ率が0.5%増える,ミニデーモン
274,遊び人の閃き,光必殺チャージ率が0.5%増える,デスゴーゴン
275,びっくりルーレットの極意,光ダメージ2%増える,ゴースト・強
275,びっくりルーレットの極意,光ダメージ2%増える,ばくだんサーカス
277,なめまわしの技巧,光成功率が5%増える,ももんじゃ
277,なめまわしの技巧,光成功率が5%増える,フォンデュ・強
278,ぱふぱふの技巧,光成功率が5%増える,ブラッドレディ
278,ぱふぱふの技巧,光成功率が5%増える,フェアリーバット
278,ぱふぱふの技巧,光成功率が5%増える,妖魔ジュリアンテ強
278,ぱふぱふの技巧,光成功率が5%増える,呪術師マリーン強
278,ぱふぱふの技巧,光成功率が5%増える,魔女グレイツェル強
279,果てなきほんきであそぶ,光効果時間が3秒増える,パペットマン・強
279,果てなきほんきであそぶ,光効果時間が3秒増える,異形獣
280,ひゃくれつなめの技巧,光成功率が2%増える,ぬかどこスライム
280,ひゃくれつなめの技巧,光成功率が2%増える,たんすミミック
280,ひゃくれつなめの技巧,光成功率が2%増える,マッドルーパー・強
281,まねまねの極意,光反射ダメージが2%増える,トンブレロ・強
281,まねまねの極意,光反射ダメージが2%増える,ばくだんサーカス
282,デスマスターの閃き,光必殺チャージ率が0.5%増える,ゆうれい
282,デスマスターの閃き,光必殺チャージ率が0.5%増える,ノーライフロード
282,デスマスターの閃き,光必殺チャージ率が0.5%増える,デュラハーン
283,呪詛の極意,光ダメージが2%増える,ランタンこぞう
283,呪詛の極意,光ダメージが2%増える,ゴースト・強
283,呪詛の極意,光ダメージが2%増える,ガルバ・強
283,呪詛の極意,光ダメージが2%増える,がいこつ・祖
284,デスサイズの極意,光ダメージ1%増える,しにがみ
284,デスサイズの極意,光ダメージ1%増える,ジア・デーモン
285,大呪詛の極意,光ダメージが3%増える,ホースデビル・強
285,大呪詛の極意,光ダメージが3%増える,あやしいかげ・強
285,大呪詛の極意,光ダメージが3%増える,ミミック・強
286,魔剣士の閃き,光必殺チャージ率が0.5%増える,じごくのおくり火
287,果てなき錬魔の秘法,光効果時間が2秒増える,ボーンバット・強
287,果てなき錬魔の秘法,光効果時間が2秒増える,たてまじん・強
288,果てなき闇のヴェール,光効果時間が1秒増える,フェアリーバット
288,果てなき闇のヴェール,光効果時間が1秒増える,ダークトロル
289,邪炎波の極意,光ダメージが3%増える,ドラキー・強
289,邪炎波の極意,光ダメージが3%増える,まおうのかげ
290,暗黒連撃の極意,光ダメージが3%増える,カーディナルナイト
290,暗黒連撃の極意,光ダメージが3%増える,ホークマン・強
290,暗黒連撃の極意,光ダメージが3%増える,暗黒の使い
291,ダークマターの極意,光ダメージが3%増える,ダークファンタズマ
291,ダークマターの極意,光ダメージが3%増える,ドラゴンキッズ・強
291,ダークマターの極意,光ダメージが3%増える,むくろカサゴ
292,煉獄魔斬の極意,光ダメージが3%増える,バーサーカー
292,煉獄魔斬の極意,光ダメージが3%増える,マタンゴ
292,煉獄魔斬の極意,光ダメージが3%増える,ハデスナイト
293,黒炎帝の斬撃の極意,光ダメージが1%増える,あかつきの神兵
294,海賊の閃き,光必殺チャージ率が0.5%増える,ヘブンバルーン
294,海賊の閃き,光必殺チャージ率が0.5%増える,プラチナミミック
295,タル投げの極意,光ダメージが3%増える,デスクローゼット
296,しびれ弾ショットの極意,光ダメージが3%増える,ジア・メーダ
296,しびれ弾ショットの極意,光ダメージが3%増える,モスボーイ
296,しびれ弾ショットの極意,光ダメージが3%増える,死のさそり
296,しびれ弾ショットの極意,光ダメージが3%増える,プリズンイーグル
297,火炎弾ショットの極意,光ダメージが3%増える,おにびドングリ
297,火炎弾ショットの極意,光ダメージが3%増える,蒼炎の使徒
297,火炎弾ショットの極意,光ダメージが3%増える,ドラグノワール
298,錨ぶんまわしの極意,光ダメージが3%増える,あらなわ明神
299,散弾ショットの極意,光ダメージが3%増える,岩のり童子
300,スタン弾ショットの極意,光ダメージが3%増える,サーバルスカイ
300,スタン弾ショットの極意,光ダメージが3%増える,グレンデル
301,恐怖弾ショットの極意,光ダメージが3%増える,デスマドモアゼル
301,恐怖弾ショットの極意,光ダメージが3%増える,ヘルガーディアン
302,ガーディアンの閃き,光必殺チャージ率が0.5%増える,しにがみのきし
302,ガーディアンの閃き,光必殺チャージ率が0.5%増える,さまようよろい・強
303,果てなきブーストオーラ,光効果時間が1秒長くなる,ヘルジュラシック
303,果てなきブーストオーラ,光効果時間が1秒長くなる,ジェイドウォリアー
304,ブラスターフィストの極意,光ダメージが3%増える,ヘブンバルーン
304,ブラスターフィストの極意,光ダメージが3%増える,メカバーン
305,天光連斬の極意,光ダメージが3%増える,アッシュリザード
305,天光連斬の極意,光ダメージが3%増える,スライムナイト・強
306,プラーナソードの極意,光ダメージが2%増える,かげのきし
306,プラーナソードの極意,光ダメージが2%増える,あかつきの神兵
307,ディバインピルムの極意,光ダメージが2%増える,ズッキーニャ・祖
308,竜術士の閃き,光必殺チャージ率が0.5%増える,ウパソルジャー
308,竜術士の閃き,光必殺チャージ率が0.5%増える,りゅう兵士
308,竜術士の閃き,光必殺チャージ率が0.5%増える,スカラベテンツク
309,マッドブレスの極意,光ダメージが3%増える,もみじこぞう・祖
309,マッドブレスの極意,光ダメージが3%増える,ビビッドヘッド
310,火球ブレスの極意,光ダメージが3%増える,ほのおのせんし
310,火球ブレスの極意,光ダメージが3%増える,りゅう兵士
311,エレメントブーストの瞬き,光発動速度が3%アップ,タホドラキー・祖
311,エレメントブーストの瞬き,光発動速度が3%アップ,テンツク・祖
312,果てなき竜の脈動,光効果時間が2秒増える,リターナーモア
312,果てなき竜の脈動,光効果時間が2秒増える,ジラフドラグーン
312,果てなき竜の脈動,光効果時間が2秒増える,キャプテンドラゴ
313,魔力かくせいの瞬き,光発動速度が5%アップ,メッサーラ
313,魔力かくせいの瞬き,光発動速度が5%アップ,デスプリースト
313,魔力かくせいの瞬き,光発動速度が5%アップ,マージマタンゴ
313,魔力かくせいの瞬き,光発動速度が5%アップ,ワイトキング・祖
314,果てなき超魔力かくせい,光効果時間が2秒増える,きめんどうし
314,果てなき超魔力かくせい,光効果時間が2秒増える,あくま神官・強
314,果てなき超魔力かくせい,光効果時間が2秒増える,ゴルゴンゾーラ
315,メラ系とギラ系呪文の極意,光ダメージが1%増える,なげきムーン
315,メラ系とギラ系呪文の極意,光ダメージが1%増える,ランタンこぞう
315,メラ系とギラ系呪文の極意,光ダメージが1%増える,ベルフェゴル
315,メラ系とギラ系呪文の極意,光ダメージが1%増える,マーズフェイス
315,メラ系とギラ系呪文の極意,光ダメージが1%増える,にじくじゃく
315,メラ系とギラ系呪文の極意,光ダメージが1%増える,ジャンガラ
315,メラ系とギラ系呪文の極意,光ダメージが1%増える,クリムゾングレイブ
315,メラ系とギラ系呪文の極意,光ダメージが1%増える,シャイニング・強
316,メラ系とギラ系呪文の真髄,光テンション時ダメージが50増える,ほのおのせんし
316,メラ系とギラ系呪文の真髄,光テンション時ダメージが50増える,ガニメデス
317,ヒャド系呪文の極意,光ダメージが1%増える,セルゲイナス
317,ヒャド系呪文の極意,光ダメージが1%増える,ダースギズモ
317,ヒャド系呪文の極意,光ダメージが1%増える,クイーンスライム
317,ヒャド系呪文の極意,光ダメージが1%増える,メイジももんじゃ
317,ヒャド系呪文の極意,光ダメージが1%増える,グレイトマーマン
317,ヒャド系呪文の極意,光ダメージが1%増える,アンクルホーン
318,ヒャド系呪文の真髄,光テンション時ダメージが50増える,つららスライム
318,ヒャド系呪文の真髄,光テンション時ダメージが50増える,クラゲぼうや
319,イオ系呪文の極意,光ダメージが1%増える,ジェイドフレア
319,イオ系呪文の極意,光ダメージが1%増える,キマイラロード
319,イオ系呪文の極意,光ダメージが1%増える,プテラノドン・強
319,イオ系呪文の極意,光ダメージが1%増える,デスマーキュリー
319,イオ系呪文の極意,光ダメージが1%増える,ガニメデス
319,イオ系呪文の極意,光ダメージが1%増える,アークデーモン
320,イオ系呪文の真髄,光テンション時ダメージが50増える,フォンデュ・強
321,バギ系呪文の極意,光ダメージが1%増える,ドルイド
321,バギ系呪文の極意,光ダメージが1%増える,ギガントドラゴン
321,バギ系呪文の極意,光ダメージが1%増える,ランプのまじん
321,バギ系呪文の極意,光ダメージが1%増える,ヒッポカンバー
321,バギ系呪文の極意,光ダメージが1%増える,かまいたち
322,バギ系呪文の真髄,光テンション時ダメージが50増える,デスプリースト
323,ドルマ系呪文の極意,光ダメージが1%増える,なげきの亡霊
323,ドルマ系呪文の極意,光ダメージが1%増える,ダークシルフ
323,ドルマ系呪文の極意,光ダメージが1%増える,ダークプラネット
323,ドルマ系呪文の極意,光ダメージが1%増える,ロードコープス
323,ドルマ系呪文の極意,光ダメージが1%増える,ゲルバトロス
323,ドルマ系呪文の極意,光ダメージが1%増える,黒ごまキッズ
323,ドルマ系呪文の極意,光ダメージが1%増える,ハデスナイト
323,ドルマ系呪文の極意,光ダメージが1%増える,ワイトキング・祖
324,ドルマ系呪文の真髄,光テンション時ダメージが50増える,ドルマージュ
324,ドルマ系呪文の真髄,光テンション時ダメージが50増える,ダークゲージ
325,ドガン系とジバ系呪文の極意,光ダメージが1%増える,ワイトキング
325,ドガン系とジバ系呪文の極意,光ダメージが1%増える,マタンゴ・祖
325,ドガン系とジバ系呪文の極意,光ダメージが1%増える,ノーライフロード
327,隠者の閃き,光必殺チャージ率が0.5%増える,ダークペルシャ
327,隠者の閃き,光必殺チャージ率が0.5%増える,くろカビこぞう
327,隠者の閃き,光必殺チャージ率が0.5%増える,リカント
328,スピリットブラストの極意,光ダメージが2%増える,ファラリスブル
329,雷鳴双牙の極意,光ダメージが2%増える,サンダーシャウト
330,果てなき精霊降臨,光効果時間が1秒増える,ミニデーモン
331,精霊の鼓動の瞬き,光発動速度が5%アップ,しびれあげは
332,精霊獣の祝福の瞬き,光発動速度が5%アップ,シャドー
333,ヒーリングドリームの戦域,光効果範囲0.3m増える,まいまいテイル
334,トライアミュレットの戦域,光効果範囲0.3m増える,てっこうまじん・祖
335,デュアルプロテクトの戦域,光効果範囲0.3m増える,キメラ・祖
336,マダンテの極意,光ダメージが1%増える,ゴールデンスライム
336,マダンテの極意,光ダメージが1%増える,ベビーサタン
336,マダンテの極意,光ダメージが1%増える,スライムエンペラー
336,マダンテの極意,光ダメージが1%増える,ダークネビュラス
336,マダンテの極意,光ダメージが1%増える,アークデーモン
337,ロストアタックの極意,光ダメージが8%増える,さまようよろい
337,ロストアタックの極意,光ダメージが8%増える,ブリザードマン
337,ロストアタックの極意,光ダメージが8%増える,リリパット・祖
337,ロストアタックの極意,光ダメージが8%増える,シュバルツシュルト
338,おはらいの瞬き,光発動速度が5%アップ,シールドオーガ
338,おはらいの瞬き,光発動速度が5%アップ,プリーストナイト
338,おはらいの瞬き,光発動速度が5%アップ,フラワーゾンビ
338,おはらいの瞬き,光発動速度が5%アップ,タタリ御前
339,ぶきみなひかりの瞬き,光発動速度が5%アップ,ナイトキャット
339,ぶきみなひかりの瞬き,光発動速度が5%アップ,ウィングデビル
339,ぶきみなひかりの瞬き,光発動速度が5%アップ,ヒョウモンダーク
340,ぶきみなひかりの技巧,光成功率が5%増える,パペットマン
340,ぶきみなひかりの技巧,光成功率が5%増える,バアルゼブブ
340,ぶきみなひかりの技巧,光成功率が5%増える,ケミカルゼリー
340,ぶきみなひかりの技巧,光成功率が5%増える,ぬくぬくどり
341,心頭滅却の瞬き,光発動速度が5%アップ,太古のぬし
341,心頭滅却の瞬き,光発動速度が5%アップ,スカルゴン
341,心頭滅却の瞬き,光発動速度が5%アップ,モヒカント
341,心頭滅却の瞬き,光発動速度が5%アップ,バザックス・強
342,おたけびの技巧,光成功率が5%増える,フォレスドン
342,おたけびの技巧,光成功率が5%増える,ベルフェゴル
342,おたけびの技巧,光成功率が5%増える,ずしおうまる
342,おたけびの技巧,光成功率が5%増える,おおがらす
342,おたけびの技巧,光成功率が5%増える,ジュラシックロイド
343,おたけびの戦域,光おたけびの範囲0.3m増える,アームライオン・強
343,おたけびの戦域,光おたけびの範囲0.3m増える,バザックス・強
343,おたけびの戦域,光おたけびの範囲0.3m増える,リターナーモア
344,ボケの技巧,光成功率が5%増える,ベビーサタン
344,ボケの技巧,光成功率が5%増える,キラージャック
344,ボケの技巧,光成功率が5%増える,亡者のひとだま
345,やいばのぼうぎょの極意,光やいばのぼうぎょ中に受けるダメージを1%減らす,デンタザウルス
345,やいばのぼうぎょの極意,光やいばのぼうぎょ中に受けるダメージを1%減らす,とげジョボー
345,やいばのぼうぎょの極意,光やいばのぼうぎょ中に受けるダメージを1%減らす,サウルスロード
345,やいばのぼうぎょの極意,光やいばのぼうぎょ中に受けるダメージを1%減らす,ニードルマン・強
345,やいばのぼうぎょの極意,光やいばのぼうぎょ中に受けるダメージを1%減らす,グリーンボーン
345,やいばのぼうぎょの極意,光やいばのぼうぎょ中に受けるダメージを1%減らす,ドリアンデッド
346,ファイアフォースの護り,光ファイアフォース中の炎耐性が2%増える,マグマロン
346,ファイアフォースの護り,光ファイアフォース中の炎耐性が2%増える,フレイムドック
346,ファイアフォースの護り,光ファイアフォース中の炎耐性が2%増える,ドラゴスライム
346,ファイアフォースの護り,光ファイアフォース中の炎耐性が2%増える,みならいあくま・祖
347,アイスフォースの護り,光アイスフォース中の氷耐性が2%増える,アイスボンバー
347,アイスフォースの護り,光アイスフォース中の氷耐性が2%増える,アイスコンドル
347,アイスフォースの護り,光アイスフォース中の氷耐性が2%増える,ホークブリザード
348,ストームフォースの護り,光ストームフォース中の風・雷耐性が2%増える,ナイトキャット
348,ストームフォースの護り,光ストームフォース中の風・雷耐性が2%増える,シュプリンガー
348,ストームフォースの護り,光ストームフォース中の風・雷耐性が2%増える,マジックアーマー
348,ストームフォースの護り,光ストームフォース中の風・雷耐性が2%増える,ピッキー・強
348,ストームフォースの護り,光ストームフォース中の風・雷耐性が2%増える,リザードマン・祖
349,ダークフォースの護り,光ダークフォース中の闇・土耐性が2%増える,マッドルーパー
349,ダークフォースの護り,光ダークフォース中の闇・土耐性が2%増える,シュプリンガー
349,ダークフォースの護り,光ダークフォース中の闇・土耐性が2%増える,ダークキャンドル
349,ダークフォースの護り,光ダークフォース中の闇・土耐性が2%増える,ゲルバトロス
349,ダークフォースの護り,光ダークフォース中の闇・土耐性が2%増える,堕天のメイス
349,ダークフォースの護り,光ダークフォース中の闇・土耐性が2%増える,ダークネビュラス
350,ライトフォースの護り,光ライトフォース中の光耐性が2%増える,シュプリンガー
350,ライトフォースの護り,光ライトフォース中の光耐性が2%増える,マジックアーマー
350,ライトフォースの護り,光ライトフォース中の光耐性が2%増える,れんごくちょう
351,かえん斬りの極意,闇ダメージが20%増える,ボーンファイター
351,かえん斬りの極意,闇ダメージが20%増える,デビルアーマー
351,かえん斬りの極意,闇ダメージが20%増える,ソルジャーブル
352,ドラゴン斬りの極意,闇ドラゴン系へのダメージが50%増える,せつげんりゅう
352,ドラゴン斬りの極意,闇ドラゴン系へのダメージが50%増える,アッシュリザード
353,ミラクルソードの極意,闇ダメージと回復量が15%増える,さまようよろい
353,ミラクルソードの極意,闇ダメージと回復量が15%増える,イーグルデビル
353,ミラクルソードの極意,闇ダメージと回復量が15%増える,ソードフライヤー
353,ミラクルソードの極意,闇ダメージと回復量が15%増える,ブラッディ・ゼア
353,ミラクルソードの極意,闇ダメージと回復量が15%増える,シュバルツシュルト
354,はやぶさ斬りの極意,闇ダメージが25%増える,シルバーマント
354,はやぶさ斬りの極意,闇ダメージが25%増える,バトルレックス
354,はやぶさ斬りの極意,闇ダメージが25%増える,ソードマカブル
354,はやぶさ斬りの極意,闇ダメージが25%増える,カーディナルナイト
354,はやぶさ斬りの極意,闇ダメージが25%増える,キラーマシン２
355,ギガスラッシュの極意,闇ダメージが5%増える,さまようよろい
355,ギガスラッシュの極意,闇ダメージが5%増える,デュランダル
355,ギガスラッシュの極意,闇ダメージが5%増える,キラーアーマー・祖
355,ギガスラッシュの極意,闇ダメージが5%増える,シュバルツシュルト
356,ギガスラッシュの真髄,闇テンション時ダメージ6増える,スラマシンＺ
357,超はやぶさ斬りの極意,闇ダメージが5%増える,ずしおうまる
357,超はやぶさ斬りの極意,闇ダメージが5%増える,ガネーシャエビル
357,超はやぶさ斬りの極意,闇ダメージが5%増える,デビルアーマー・強
358,ギガブレイクの極意,闇ダメージが20%増える,キラーマシン２
358,ギガブレイクの極意,闇ダメージが20%増える,しろバラのきし
359,ギガブレイクの真髄,闇テンション時ダメージ6増える,デンガー
359,ギガブレイクの真髄,闇テンション時ダメージ6増える,キラーシーカー
360,不死鳥天舞の極意,闇ダメージが5%増える,エルダーフレイム
360,不死鳥天舞の極意,闇ダメージが5%増える,バーサーカー
360,不死鳥天舞の極意,闇ダメージが5%増える,がいこつ・強
361,アルテマソードの極意,闇ダメージが50%増える,キラーマシン２
361,アルテマソードの極意,闇ダメージが50%増える,リザードマン・強
361,アルテマソードの極意,闇ダメージが50%増える,ホークマン・強
361,アルテマソードの極意,闇ダメージが50%増える,さまようよろい・強
361,アルテマソードの極意,闇ダメージが50%増える,ウパソルジャー
362,果てなきブレードガード,闇効果時間が2秒増える,シルバーマント
362,果てなきブレードガード,闇効果時間が2秒増える,ナウマンボーグ
362,果てなきブレードガード,闇効果時間が2秒増える,ボーンファイター
362,果てなきブレードガード,闇効果時間が2秒増える,あかつきの神兵
363,ドラゴンスラッシュの極意,闇ドラゴン系へのダメージが5%増える,バトルレックス
363,ドラゴンスラッシュの極意,闇ドラゴン系へのダメージが5%増える,スノーエルダー
363,ドラゴンスラッシュの極意,闇ドラゴン系へのダメージが5%増える,イエローファット
364,ぶんまわしの極意,闇ダメージが5%増える,シルバーマント
364,ぶんまわしの極意,闇ダメージが5%増える,ボーンファイター
364,ぶんまわしの極意,闇ダメージが5%増える,まおうのつかい
365,ぶんまわしの真髄,闇テンション時ダメージが35増える,しびれだんびら・強
365,ぶんまわしの真髄,闇テンション時ダメージが35増える,まおうのつかい・強
366,フリーズブレードの極意,闇ダメージが5%増える,キラーマシン
366,フリーズブレードの極意,闇ダメージが5%増える,まおうのつかい
366,フリーズブレードの極意,闇ダメージが5%増える,シルバリヌス
367,渾身斬り系の極意,闇ダメージが20%増える,メガトンチャンプ
367,渾身斬り系の極意,闇ダメージが20%増える,ゴーレム・塔
367,渾身斬り系の極意,闇ダメージが20%増える,タイプＧ
368,ブレイブスラッシュの極意,闇ドラゴン系へのダメージが5%増える,アックスドラゴン
369,ビッグバンの極意,闇ダメージが8%増える,インフェルノ
369,ビッグバンの極意,闇ダメージが8%増える,まおうのかげ
369,ビッグバンの極意,闇ダメージが8%増える,シャイニング・強
369,ビッグバンの極意,闇ダメージが8%増える,アスラ王
370,全身全霊斬り系の極意,闇ダメージが5%増える,エメラルドーン
370,全身全霊斬り系の極意,闇ダメージが5%増える,メカバーン
371,全身全霊斬り系の真髄,闇テンション時ダメージが5増える,ヘルビースト・強
371,全身全霊斬り系の真髄,闇テンション時ダメージが5増える,エンペラーレグホン
372,プラズマブレードの極意,闇ダメージが3%増える,ドラゴンソルジャー
372,プラズマブレードの極意,闇ダメージが3%増える,ゴーレム・強
372,プラズマブレードの極意,闇ダメージが3%増える,災厄の王
373,大旋風斬りの極意,闇ダメージが50%増える,まおうのつかい・強
373,大旋風斬りの極意,闇ダメージが50%増える,あらくれパンダ
374,キラーブーンの極意,闇むし系へのダメージが4%増える,かっちゅうアリ
374,キラーブーンの極意,闇むし系へのダメージが4%増える,コスモアイ
375,スリープダガーの極意,闇ダメージが25%増える,アイスボンバー
375,スリープダガーの極意,闇ダメージが25%増える,ガーゴイル
376,スリープダガーの技巧,闇成功率が2%増える,じめじめバブル
376,スリープダガーの技巧,闇成功率が2%増える,マミー
376,スリープダガーの技巧,闇成功率が2%増える,グリーンシザー・強
377,ヒュプノスハントの極意,闇眠り混乱中のモンスターへのダメージが5%増える,ブラックマンティス
377,ヒュプノスハントの極意,闇眠り混乱中のモンスターへのダメージが5%増える,じごくのもんばん
377,ヒュプノスハントの極意,闇眠り混乱中のモンスターへのダメージが5%増える,シーザーレインボー
378,ヴァイパーファングの極意,闇ダメージが8%増える,バブルスライム・強
378,ヴァイパーファングの極意,闇ダメージが8%増える,くさった死体・強
379,ヴァイパーファングの技巧,闇成功率が5%増える,リビングデッド
379,ヴァイパーファングの技巧,闇成功率が5%増える,ベノムピード
379,ヴァイパーファングの技巧,闇成功率が5%増える,ひとくいが
379,ヴァイパーファングの技巧,闇成功率が5%増える,メタルトリュフ
380,タナトスハント系の極意,闇ダメージが8%増える,ファンキードラゴ
380,タナトスハント系の極意,闇ダメージが8%増える,シーザーレインボー
381,タナトスハント系の真髄,闇テンション時ダメージが5増える,あやしいかげ・強
381,タナトスハント系の真髄,闇テンション時ダメージが5増える,ミノカサハギン
382,カオスエッジの極意,闇ダメージが5%増える,とこよアゲハ
382,カオスエッジの極意,闇ダメージが5%増える,マッドレインボー
383,ナイトメアファングの極意,闇ダメージが20%増える,ぬかどこスライム
383,ナイトメアファングの極意,闇ダメージが20%増える,インフェルノ
383,ナイトメアファングの極意,闇ダメージが20%増える,ゼブラマンティス
384,オネロスハントの極意,闇休み中の敵へダメージが8%増える,スーパーテンツク
384,オネロスハントの極意,闇休み中の敵へダメージが8%増える,ソードマカブル
385,ネメシスエッジの極意,闇ダメージが5%増える,メタッピー・強
385,ネメシスエッジの極意,闇ダメージが5%増える,おおさそり
385,ネメシスエッジの極意,闇ダメージが5%増える,グリーンシザー・強
386,ネメシスエッジの真髄,闇テンション時ダメージが5増える,メカジラフ
387,果てなきマジステッキ,闇効果時間が2秒増える,ヘルビースト
387,果てなきマジステッキ,闇効果時間が2秒増える,亡者のひとだま
387,果てなきマジステッキ,闇効果時間が2秒増える,パンプキッズ
388,デビルンチャームの極意,闇悪魔系へのダメージが50%増える、魅了成功率が0.02増える,デザートゴルバ
388,デビルンチャームの極意,闇悪魔系へのダメージが50%増える、魅了成功率が0.02増える,くものきょじん
389,パニパニハニーの技巧,闇成功率が10%増える,亡者のひとだま
389,パニパニハニーの技巧,闇成功率が10%増える,悪鬼丸
389,パニパニハニーの技巧,闇成功率が10%増える,アモデウス
390,ディバインステッキの技巧,闇成功率が20%増える,ケミカルゼリー
390,ディバインステッキの技巧,闇成功率が20%増える,ジャンガラ
391,ホップスティックの戦域,闇効果範囲が3m増える,ドラゴスライム
391,ホップスティックの戦域,闇効果範囲が3m増える,銃士ナスビス
391,ホップスティックの戦域,闇効果範囲が3m増える,バラモスブロス強
392,スピリットゾーンの戦域,闇効果範囲が10m増える,プチアーノン・強
392,スピリットゾーンの戦域,闇効果範囲が10m増える,テンツク
392,スピリットゾーンの戦域,闇効果範囲が10m増える,じごくのおくり火
393,悪魔ばらいの極意,闇ダメージが10%増える、マヒ成功率が0.02増える,ガルバ
393,悪魔ばらいの極意,闇ダメージが10%増える、マヒ成功率が0.02増える,ゴルバ
393,悪魔ばらいの極意,闇ダメージが10%増える、マヒ成功率が0.02増える,じごくのつかい
394,果てなき早詠みの杖,闇効果時間が5秒増える,なげきの亡霊
394,果てなき早詠みの杖,闇効果時間が5秒増える,ジェイドフレア
394,果てなき早詠みの杖,闇効果時間が5秒増える,スライムベホマズン
396,果てなき活命の杖,闇効果時間が0.5秒増える,わかめ王子・強
396,果てなき活命の杖,闇効果時間が0.5秒増える,ミケまどう
397,霊脈魔法陣の戦域,闇射程距離が0.3m増える,メーダ・強
397,霊脈魔法陣の戦域,闇射程距離が0.3m増える,もみじこぞう・強
397,霊脈魔法陣の戦域,闇射程距離が0.3m増える,ノーライフロード
397,霊脈魔法陣の戦域,闇射程距離が0.3m増える,異形獣
398,けもの突きの極意,闇けもの系へのダメージが3%増える,ダーティラビッツ
398,けもの突きの極意,闇けもの系へのダメージが3%増える,フレイムドック
398,けもの突きの極意,闇けもの系へのダメージが3%増える,オークキング
399,雷鳴突きの極意,闇ダメージが0.3%増える,オークキング
399,雷鳴突きの極意,闇ダメージが0.3%増える,からくりしょうぐん
399,雷鳴突きの極意,闇ダメージが0.3%増える,しにがみきぞく
400,一閃突き系の極意,闇会心率が35%増える,グレイトライドン
400,一閃突き系の極意,闇会心率が35%増える,いっかくウサギ・強
400,一閃突き系の極意,闇会心率が35%増える,ベレス
400,一閃突き系の極意,闇会心率が35%増える,オーク・強
400,一閃突き系の極意,闇会心率が35%増える,しにがみきぞく・強
400,一閃突き系の極意,闇会心率が35%増える,死のさそり
401,狼牙突きの極意,闇ダメージが15%増える,しにがみきぞく
401,狼牙突きの極意,闇ダメージが15%増える,ベレス
401,狼牙突きの極意,闇ダメージが15%増える,ブラックベジター
401,狼牙突きの極意,闇ダメージが15%増える,マリンスライム・強
402,狼牙突きの真髄,闇テンション時ダメージが2増える,マーブルヴォルク
403,さみだれ突き系の極意,闇ダメージが4%増える,オークキング
403,さみだれ突き系の極意,闇ダメージが4%増える,グレイトライドン
403,さみだれ突き系の極意,闇ダメージが4%増える,ぶっちズキーニャ
403,さみだれ突き系の極意,闇ダメージが4%増える,オークィーン
403,さみだれ突き系の極意,闇ダメージが4%増える,オーク・強
403,さみだれ突き系の極意,闇ダメージが4%増える,ズッキーニャ・祖
404,ジゴスパークの極意,闇ダメージが20%増える,コキュードス
404,ジゴスパークの極意,闇ダメージが20%増える,ゴールドマント
405,ジゴスパークの真髄,闇テンション時ダメージが4増える,スピンサタン
406,武神の護法の極意,闇ダメージが5%増える,ぐんたいガニ・祖
406,武神の護法の極意,闇ダメージが5%増える,ダークドレアム
406,武神の護法の極意,闇ダメージが5%増える,デュラン
406,武神の護法の極意,闇ダメージが5%増える,デュラン強
407,武神の護法の技巧,闇成功率が50%増える,シルバリヌス
407,武神の護法の技巧,闇成功率が50%増える,オーク・強
407,武神の護法の技巧,闇成功率が50%増える,ダークドレアム
407,武神の護法の技巧,闇成功率が50%増える,デュラン
407,武神の護法の技巧,闇成功率が50%増える,デュラン強
408,超さみだれ突きの極意,闇ダメージが5%増える,ズッキーニャ
408,超さみだれ突きの極意,闇ダメージが5%増える,グレイトマーマン
408,超さみだれ突きの極意,闇ダメージが5%増える,しにがみきぞく・強
408,超さみだれ突きの極意,闇ダメージが5%増える,とっしんこぞう
408,超さみだれ突きの極意,闇ダメージが5%増える,ネリもののふ
409,たいぼく斬の極意,闇植物系へのダメージが2%増える,ウドラー
409,たいぼく斬の極意,闇植物系へのダメージが2%増える,ミスターガリック
409,たいぼく斬の極意,闇植物系へのダメージが2%増える,ヒイラギどうじ
410,蒼天魔斬の極意,闇ダメージが2%増える,ブルサベージ
410,蒼天魔斬の極意,闇ダメージが2%増える,サイおとこ・強
410,蒼天魔斬の極意,闇ダメージが2%増える,アバランチャー
410,蒼天魔斬の極意,闇ダメージが2%増える,キングエレファント
411,かぶと割りの極意,闇ダメージが35%増える,てっこうまじん
411,かぶと割りの極意,闇ダメージが35%増える,バトルレックス
411,かぶと割りの極意,闇ダメージが35%増える,カバリアー
411,かぶと割りの極意,闇ダメージが35%増える,ヒポせんし
411,かぶと割りの極意,闇ダメージが35%増える,てっこうまじん・祖
411,かぶと割りの極意,闇ダメージが35%増える,シャドーメイル
412,まじん斬りの極意,闇会心率が5%増える,ギガンテス
412,まじん斬りの極意,闇会心率が5%増える,ボストロール
412,まじん斬りの極意,闇会心率が5%増える,ドラゴンソルジャー
413,オノむそう系の極意,闇ダメージが5%増える,ライノスキング
413,オノむそう系の極意,闇ダメージが5%増える,アックスドラゴン
413,オノむそう系の極意,闇ダメージが5%増える,パラディノス
414,オノむそう系の真髄,闇テンション時ダメージが2増える,デスストーカー
414,オノむそう系の真髄,闇テンション時ダメージが2増える,さんぞくウルフ・強
415,鉄甲斬系の極意,闇ダメージが4%増える,あくまのきし
415,鉄甲斬系の極意,闇ダメージが4%増える,バロンナイト
415,鉄甲斬系の極意,闇ダメージが4%増える,くびかりぞく
415,鉄甲斬系の極意,闇ダメージが4%増える,ヒッポキング
416,真・オノむそう系の極意,闇ダメージが20%増える,ヒッポキング
416,真・オノむそう系の極意,闇ダメージが20%増える,サイおとこ・強
416,真・オノむそう系の極意,闇ダメージが20%増える,アバランチャー
416,真・オノむそう系の極意,闇ダメージが20%増える,リザードファッツ
417,真・オノむそう系の真髄,闇テンション時ダメージが8増える,あくまのきし
417,真・オノむそう系の真髄,闇テンション時ダメージが8増える,ホースデビル・強
418,降魔紅蓮斬の極意,闇ダメージが4%増える,ドラゴンソルジャー
418,降魔紅蓮斬の極意,闇ダメージが4%増える,ビッグファング
419,大地裂断系の極意,闇ダメージが50%増える,カイザードラゴン
419,大地裂断系の極意,闇ダメージが50%増える,ビッグファング
419,大地裂断系の極意,闇ダメージが50%増える,ホワイトジャッジ
420,足ばらいの技巧,闇成功率が5%増える,アームライオン
420,足ばらいの技巧,闇成功率が5%増える,ミステリピラー
420,足ばらいの技巧,闇成功率が5%増える,いたずらもぐら・強
420,足ばらいの技巧,闇成功率が5%増える,ブランマトック
420,足ばらいの技巧,闇成功率が5%増える,やつざきアニマル
420,足ばらいの技巧,闇成功率が5%増える,しのどれい・強
421,黄泉送りの極意,闇ゾンビ系へのダメージが2%増える,グール
421,黄泉送りの極意,闇ゾンビ系へのダメージが2%増える,ミイラ男
421,黄泉送りの極意,闇ゾンビ系へのダメージが2%増える,リビングデッド
421,黄泉送りの極意,闇ゾンビ系へのダメージが2%増える,ジラフマスター
421,黄泉送りの極意,闇ゾンビ系へのダメージが2%増える,がいこつ・強
422,なぎはらいの極意,闇ダメージが5%増える,ブランマトック
423,なぎはらいの真髄,闇テンション時ダメージが35増える,わかめ王子・強
423,なぎはらいの真髄,闇テンション時ダメージが35増える,ヘルカッチャ・強
424,氷結らんげき系の極意,闇ダメージが4%増える,スカルゴン
424,氷結らんげき系の極意,闇ダメージが4%増える,せつげんりゅう
424,氷結らんげき系の極意,闇ダメージが4%増える,くびなが大師
425,奥義・棍閃殺の極意,闇ダメージが20%増える,くびなが大師
425,奥義・棍閃殺の極意,闇ダメージが20%増える,おにこんぼう
425,奥義・棍閃殺の極意,闇ダメージが20%増える,トロルキング
426,奥義・棍閃殺の真髄,闇テンション時ダメージが5増える,おおきづち・強
426,奥義・棍閃殺の真髄,闇テンション時ダメージが5増える,ジラフドラグーン
427,占技・天輪殺の極意,闇ダメージが4%増える,岩のり童子
428,占技・天輪殺の真髄,闇テンション時ダメージ50増える,闇のキリンジ
429,断空なぎはらいの極意,闇ダメージが4%増える,大王イカ
429,断空なぎはらいの極意,闇ダメージが4%増える,大王イカ・塔
429,断空なぎはらいの極意,闇ダメージが4%増える,テンタクルス
430,豪雪氷結乱撃系の極意,闇ダメージが50%増える,シルバーベア
430,豪雪氷結乱撃系の極意,闇ダメージが50%増える,マリンスライム・強
430,豪雪氷結乱撃系の極意,闇ダメージが50%増える,ジェイドマスク
431,ウィングブロウの極意,闇ダメージが4%増える,シルバーデビル
431,ウィングブロウの極意,闇ダメージが4%増える,ウイングタイガー
431,ウィングブロウの極意,闇ダメージが4%増える,ホラービースト
432,裂鋼拳の極意,闇マシン系へのダメージが2%増える,ルバンカ
432,裂鋼拳の極意,闇マシン系へのダメージが2%増える,ヘルカッチャ
432,裂鋼拳の極意,闇マシン系へのダメージが2%増える,バジリスケイル
432,裂鋼拳の極意,闇マシン系へのダメージが2%増える,プリズニャン・強
433,必中拳の極意,闇ダメージが5%増える、会心率が1%増える,キラーパンサー
433,必中拳の極意,闇ダメージが5%増える、会心率が1%増える,ヘルシーサー
434,タイガークローの極意,闇ダメージが25%増える,キラーパンサー
434,タイガークローの極意,闇ダメージが25%増える,やつざきアニマル
435,タイガークローの真髄,闇テンション時ダメージが5増える,ドラグノワール
436,ゴールドフィンガーの極意,闇ダメージが3%増える,ヘルシーサー
436,ゴールドフィンガーの極意,闇ダメージが3%増える,グリンバングル
436,ゴールドフィンガーの極意,闇ダメージが3%増える,マドハンド・強
437,サイクロンアッパーの極意,闇ダメージが20%増える,ダークパンサー
437,サイクロンアッパーの極意,闇ダメージが20%増える,デビルロード
438,サマーソルトクローの極意,闇ダメージが1%増える,ドラゴンキッズ・強
438,サマーソルトクローの極意,闇ダメージが1%増える,ニードルマン・強
438,サマーソルトクローの極意,闇ダメージが1%増える,メイデンドール
438,サマーソルトクローの極意,闇ダメージが1%増える,アームライオン・強
439,ライガークラッシュの極意,闇ダメージが3%増える,バジリスケイル
439,ライガークラッシュの極意,闇ダメージが3%増える,シルバーベア
439,ライガークラッシュの極意,闇ダメージが3%増える,ブロンドボーイ
439,ライガークラッシュの極意,闇ダメージが3%増える,ピンキーパンサー
440,ライガークラッシュの真髄,闇テンション時ダメージが5増える,ダースリカント
440,ライガークラッシュの真髄,闇テンション時ダメージが5増える,ダースドラゴン
441,果てなき牙神昇誕系,闇効果時間が50秒増える,ワニバーン
441,果てなき牙神昇誕系,闇効果時間が50秒増える,プラチナサウルス
442,ゴッドスマッシュの極意,闇ダメージが5%増える,プリズニャン・強
442,ゴッドスマッシュの極意,闇ダメージが5%増える,デスカイザー
442,ゴッドスマッシュの極意,闇ダメージが5%増える,てつのさそり
443,らせん打ちの技巧,闇成功率が3%増える,コサックシープ
443,らせん打ちの技巧,闇成功率が3%増える,大王イカ
443,らせん打ちの技巧,闇成功率が3%増える,大王イカ・塔
444,らせん打ちの極意,闇ダメージが2%増える,アンゴラモーア
444,らせん打ちの極意,闇ダメージが2%増える,パペットマン・強
445,愛のムチの極意,闇ダメージが3%増える,シールドオーガ
445,愛のムチの極意,闇ダメージが3%増える,アンゴラモーア
446,スパークショットの極意,闇ダメージが8%増える,デスケルト
446,スパークショットの極意,闇ダメージが8%増える,クイーンスライム
447,スパークショットの技巧,闇成功率が35%増える,ゴーストベリー
448,しばり打ちの極意,闇ダメージが8%増える,まいまいテイル
448,しばり打ちの極意,闇ダメージが8%増える,こんぶ大将
449,しばり打ちの技巧,闇成功率が3%増える,コスモグール
449,しばり打ちの技巧,闇成功率が3%増える,プークプック
449,しばり打ちの技巧,闇成功率が3%増える,ベノムピード
449,しばり打ちの技巧,闇成功率が3%増える,ジア・メーダ
450,地ばしり打ちの極意,闇ダメージが8%増える,ブルーミンクス
450,地ばしり打ちの極意,闇ダメージが8%増える,メッサーラ
450,地ばしり打ちの極意,闇ダメージが8%増える,デスロマニズム
451,双竜打ちの極意,闇ダメージが2%増える,プチアーノン・強
451,双竜打ちの極意,闇ダメージが2%増える,スターレミング
451,双竜打ちの極意,闇ダメージが2%増える,デスケルト
451,双竜打ちの極意,闇ダメージが2%増える,あらなわ明神
453,疾風迅雷の極意,闇ダメージが5%増える,ファラリスブル
453,疾風迅雷の極意,闇ダメージが5%増える,まかいしつじ
454,極竜打ちの極意,闇ダメージが20%増える,ネクロバルサ
456,バイキルショットの極意,闇ダメージが4%増える,おおさそり
456,バイキルショットの極意,闇ダメージが4%増える,ネクロバルサ
457,悶絶全方打ちの極意,闇ダメージが50%増える,プテラノドン・強
457,悶絶全方打ちの極意,闇ダメージが50%増える,ファラリスブル
458,花ふぶきの技巧,闇成功率が3%増える,ウドラー
458,花ふぶきの技巧,闇成功率が3%増える,エンタシスマン
458,花ふぶきの技巧,闇成功率が3%増える,エビルトレント
458,花ふぶきの技巧,闇成功率が3%増える,マタンゴ・祖
459,波紋演舞の極意,闇水系へのダメージが2%増える,マッドルーパー
459,波紋演舞の極意,闇水系へのダメージが2%増える,ガニラス
459,波紋演舞の極意,闇水系へのダメージが2%増える,ヒョウモンダーク
460,タタリ目演舞の極意,闇ダメージが5%増える,めいふのばんにん
460,タタリ目演舞の極意,闇ダメージが5%増える,ゆうれい
461,おうぎのまい系の極意,闇ダメージが10%増える,エンタシスマン
461,おうぎのまい系の極意,闇ダメージが10%増える,ツイストーチ
462,アゲハ乱舞系の極意,闇ダメージが25%増える,とこよアゲハ
462,アゲハ乱舞系の極意,闇ダメージが25%増える,ひとくいが
462,アゲハ乱舞系の極意,闇ダメージが25%増える,死のカラステング
463,アゲハ乱舞系の真髄,闇テンション時ダメージが6増える,メタッピー・強
463,アゲハ乱舞系の真髄,闇テンション時ダメージが6増える,おばけヒトデ・強
464,ピンクタイフーンの極意,闇ダメージが5%増える,ミステリピラー
464,ピンクタイフーンの極意,闇ダメージが5%増える,ランプのまじん
464,ピンクタイフーンの極意,闇ダメージが5%増える,メイデンドール
464,ピンクタイフーンの極意,闇ダメージが5%増える,ブラッドレディ
465,百花繚乱系の極意,闇ダメージが20%増える,タタリ御前
465,百花繚乱系の極意,闇ダメージが20%増える,エビルトレント
465,百花繚乱系の極意,闇ダメージが20%増える,もみじこぞう・強
466,百花繚乱系の真髄,闇テンション時ダメージが6増える,ファンキードラゴ
466,百花繚乱系の真髄,闇テンション時ダメージが6増える,おどるほうせき・強
466,百花繚乱系の真髄,闇テンション時ダメージが6増える,エンタシスマン・強
467,風斬りの舞の戦域,闇効果範囲が5m増える,おおがらす
467,風斬りの舞の戦域,闇効果範囲が5m増える,ヒッポカンバー
467,風斬りの舞の戦域,闇効果範囲が5m増える,テンツク・祖
468,おうぎ乱舞系の極意,闇ダメージが50%増える,ピッキー・強
468,おうぎ乱舞系の極意,闇ダメージが50%増える,大王イカ
468,おうぎ乱舞系の極意,闇ダメージが50%増える,大王イカ・塔
468,おうぎ乱舞系の極意,闇ダメージが50%増える,エンタシスマン・強
468,おうぎ乱舞系の極意,闇ダメージが50%増える,もみじこぞう・祖
469,ウェイトブレイクの技巧,闇成功率が0.5%増える,ブラックチャック
469,ウェイトブレイクの技巧,闇成功率が0.5%増える,だいまじん
469,ウェイトブレイクの技巧,闇成功率が0.5%増える,アンゴラー
470,ウェイトブレイクの極意,闇ダメージが2%増える,ルバンカ
470,ウェイトブレイクの極意,闇ダメージが2%増える,サイクロプス
470,ウェイトブレイクの極意,闇ダメージが2%増える,ベスキング
471,ドラムクラッシュの極意,闇物資系へのダメージが10%増える,うごくせきぞう
471,ドラムクラッシュの極意,闇物資系へのダメージが10%増える,ビッグモアイ
471,ドラムクラッシュの極意,闇物資系へのダメージが10%増える,リビングスタチュー
472,シールドブレイクの技巧,闇成功率が5%増える,サイクロプス
472,シールドブレイクの技巧,闇成功率が5%増える,ストーンマン
472,シールドブレイクの技巧,闇成功率が5%増える,ブラウニー・祖
473,シールドブレイクの極意,闇ダメージが25%増える,ギガンテス
473,シールドブレイクの極意,闇ダメージが25%増える,クラウンヘッド
474,キャンセルショットの技巧,闇成功率が10%増える,おおきづち・強
474,キャンセルショットの技巧,闇成功率が10%増える,どくろあらい・強
474,キャンセルショットの技巧,闇成功率が10%増える,ガルバ・強
475,ランドインパクトの極意,闇ダメージが5%増える,ギガンテス
475,ランドインパクトの極意,闇ダメージが5%増える,トリカトラプス
475,ランドインパクトの極意,闇ダメージが5%増える,ビビッドヘッド
475,ランドインパクトの極意,闇ダメージが5%増える,ゴールデンディスコ
476,ランドインパクトの真髄,闇テンション時ダメージが2増える,しのどれい・強
476,ランドインパクトの真髄,闇テンション時ダメージが2増える,ドロヌーバ・強
476,ランドインパクトの真髄,闇テンション時ダメージが2増える,ジェイドマスク
477,スタンショットの技巧,闇成功率が3%増える,プラチナサウルス
477,スタンショットの技巧,闇成功率が3%増える,いしにんぎょう・強
478,プレートインパクトの極意,闇ダメージが20%増える,ガメゴン
478,プレートインパクトの極意,闇ダメージが20%増える,デスゴーゴン
478,プレートインパクトの極意,闇ダメージが20%増える,ベヒードス
478,プレートインパクトの極意,闇ダメージが20%増える,おおきづち・祖
478,プレートインパクトの極意,闇ダメージが20%増える,ベヒードス・塔
479,プレートインパクトの真髄,闇テンション時ダメージが2増える,おおきづち・強
479,プレートインパクトの真髄,闇テンション時ダメージが2増える,ギガントモンキー
479,プレートインパクトの真髄,闇テンション時ダメージが2増える,ギガントヒルズ・強
480,デビルクラッシュの極意,闇ダメージが3%増える,アスタロト
480,デビルクラッシュの極意,闇ダメージが3%増える,ギガデーモン
481,アースクラッシュの極意,闇ダメージが50%増える,アンゴラー
481,アースクラッシュの極意,闇ダメージが50%増える,ゴーレム・強
481,アースクラッシュの極意,闇ダメージが50%増える,ハーベストドラゴ
481,アースクラッシュの極意,闇ダメージが50%増える,ブラッドエイプス
482,スライムブロウの極意,闇スライム系へのダメージが8%増える,マッシュスライム
482,スライムブロウの極意,闇スライム系へのダメージが8%増える,コスモスライム
482,スライムブロウの極意,闇スライム系へのダメージが8%増える,スライム・強
483,パワフルスローの極意,闇ダメージが2%増える、会心率が1%増える,かげのきし
483,パワフルスローの極意,闇ダメージが2%増える、会心率が1%増える,ドッグラマッコイ
483,パワフルスローの極意,闇ダメージが2%増える、会心率が1%増える,ナイトメーア
484,シャインスコールの極意,闇ダメージが25%増える,フライングデス
484,シャインスコールの極意,闇ダメージが25%増える,ガーゴイル
484,シャインスコールの極意,闇ダメージが25%増える,ケツァルコアトルス
485,バーニングバードの極意,闇ダメージが6%増える,ケツァルコアトルス
485,バーニングバードの極意,闇ダメージが6%増える,サイレス・強
486,デュアルカッターの極意,闇ダメージが40%増える,さそりばち・強
486,デュアルカッターの極意,闇ダメージが40%増える,ぶちスライム
486,デュアルカッターの極意,闇ダメージが40%増える,ニードルうさこ
487,デュアルカッターの真髄,闇テンション時ダメージ3増える,ゴルゴンゾーラ
487,デュアルカッターの真髄,闇テンション時ダメージ3増える,ガチャコッコ・祖
488,フローズンバードの極意,闇ダメージが3%増える,ムーンキメラ
489,デュアルブレイカーの極意,闇ダメージが3%増える,スライムボーグ
489,デュアルブレイカーの極意,闇ダメージが3%増える,おばけヒトデ・強
489,デュアルブレイカーの極意,闇ダメージが3%増える,スライムエンペラー
490,デュアルブレイカーの真髄,闇テンション時ダメージ2増える,スライム・祖
490,デュアルブレイカーの真髄,闇テンション時ダメージ2増える,ホワイトパンサー
491,バーニングスワローの極意,闇ダメージが6%増える,ひくいどり
492,フローズンスワローの極意,闇ダメージが3%増える,ホークブリザード
493,レボルスライサーの極意,闇ダメージが2%増える,ぶちスライム
493,レボルスライサーの極意,闇ダメージが2%増える,スライムエンペラー
494,ギガスローの極意,闇ダメージが3%増える,どくろあらい・強
494,ギガスローの極意,闇ダメージが3%増える,いしにんぎょう・強
494,ギガスローの極意,闇ダメージが3%増える,ドラゴントイズ
495,ギガシュートの極意,闇ダメージが3%増える,おばけヒトデ・強
496,マジックアローの極意,闇ダメージが50%増える,アサシンブラッド
497,マジックアローの技巧,闇成功率が20%増える,たんすミミック
497,マジックアローの技巧,闇成功率が20%増える,死のカラステング
498,バードシュートの極意,闇鳥系へのダメージが10%増える,ガーゴイル
498,バードシュートの極意,闇鳥系へのダメージが10%増える,ホークブリザード
498,バードシュートの極意,闇鳥系へのダメージが10%増える,ピッキー・強
499,サンダーボルトの極意,闇ダメージが8%増える,アサシンブラッド
499,サンダーボルトの極意,闇ダメージが8%増える,みずたまドラゴン
499,サンダーボルトの極意,闇ダメージが8%増える,サンダーシャウト
500,さみだれうち系の極意,闇ダメージが35%増える,アサシンブラッド
500,さみだれうち系の極意,闇ダメージが35%増える,リリパット・強
501,さみだれうち系の真髄,闇テンション時ダメージが5増える,リリパット・強
502,天使の矢の極意,闇ダメージが15%増える、回復量が与えたダメージの2%増える,フライングデス
502,天使の矢の極意,闇ダメージが15%増える、回復量が与えたダメージの2%増える,グリゴリぼうず
503,シャイニングボウの極意,闇ダメージが5%増える,れんごくちょう
503,シャイニングボウの極意,闇ダメージが5%増える,レジェンドホース
503,シャイニングボウの極意,闇ダメージが5%増える,ダークオルニス
503,シャイニングボウの極意,闇ダメージが5%増える,シャイニング
504,セイクリッドボウの極意,闇ダメージが2%増える,リリパット・祖
505,弓聖の守り星の戦域,闇範囲の半径が8m増える,カナリアーノ
505,弓聖の守り星の戦域,闇範囲の半径が8m増える,パンプキッズ・強
505,弓聖の守り星の戦域,闇範囲の半径が8m増える,どくやずきん・祖
506,弓神の守護星座の戦域,闇効果範囲が0.3m増える,キラーアーマー・祖
507,ダークネスショットの極意,闇ダメージが2%増える,めいふのばんにん
507,ダークネスショットの極意,闇ダメージが2%増える,ダークキャンドル
507,ダークネスショットの極意,闇ダメージが2%増える,パンドラチェスト
507,ダークネスショットの極意,闇ダメージが2%増える,キラーマシン・祖
508,ダークネスショットの真髄,闇テンション時ダメージが2増える,キラーシーカー
509,ロストスナイプの極意,闇ダメージが0.3%増える,れんごくまちょう
509,ロストスナイプの極意,闇ダメージが0.3%増える,パンプキャビネット
510,ロストショットの極意,闇ダメージが0.3%増える,キラーマシン
511,サンライトアローの極意,闇ダメージが3%増える,リリパット・強
511,サンライトアローの極意,闇ダメージが3%増える,デスフラッター
512,果てなき血吸いの守り,闇効果時間が3秒増える,モーモン・強
512,果てなき血吸いの守り,闇効果時間が3秒増える,くさった死体・強
513,果てなき蒼月の守り,闇効果時間が5秒増える,デビルプリンス
513,果てなき蒼月の守り,闇効果時間が5秒増える,マーズフェイス
513,果てなき蒼月の守り,闇効果時間が5秒増える,デスマーキュリー
514,冥王のかまの極意,闇ダメージが3%増える,いたずらもぐら・強
514,冥王のかまの極意,闇ダメージが3%増える,ぐんたいガニ・強
514,冥王のかまの極意,闇ダメージが3%増える,ベレス・強
515,魂狩りの極意,闇会心率1%増える,じごくのもんばん
515,魂狩りの極意,闇会心率1%増える,しのどれい・強
515,魂狩りの極意,闇会心率1%増える,きりさきピエロ・強
515,魂狩りの極意,闇会心率1%増える,ゆうれい
515,魂狩りの極意,闇会心率1%増える,がいこつ・祖
516,災いの斬撃の極意,闇ダメージが4%増える,しびれだんびら・強
516,災いの斬撃の極意,闇ダメージが4%増える,ギガンテス・強
517,災いの斬撃の真髄,闇テンション時ダメージ20増える,しにがみ
517,災いの斬撃の真髄,闇テンション時ダメージ20増える,エンペラーレグホン
518,ハデスの宴の極意,闇ダメージが5%増える,おおがらす
518,ハデスの宴の極意,闇ダメージが5%増える,ジャンガラ
518,ハデスの宴の極意,闇ダメージが5%増える,クラーゴン
519,果てなきハデスの宴,闇効果時間が2秒増える,ベレス
519,果てなきハデスの宴,闇効果時間が2秒増える,おにこぞう・強
519,果てなきハデスの宴,闇効果時間が2秒増える,ドラゴンゾンビ・強
520,厄災の滅撃の極意,闇ダメージが4%増える,キラーマシン・強
520,厄災の滅撃の極意,闇ダメージが4%増える,闇のキリンジ
521,根絶やしの重撃の極意,闇ダメージが5%増える,リザードマン・強
521,根絶やしの重撃の極意,闇ダメージが5%増える,デスクローゼット
521,根絶やしの重撃の極意,闇ダメージが5%増える,ベレス・強
522,根絶やしの重撃の真髄,闇テンション時ダメージ50増える,バロンシルエット
523,石つぶての極意,闇ダメージが100%増える,かっちゅうアリ
523,石つぶての極意,闇ダメージが100%増える,バアルゼブブ
523,石つぶての極意,闇ダメージが100%増える,ドラポヨロン
524,かまいたちの極意,闇エレメント系へのダメージが35%増える,マグマロン
524,かまいたちの極意,闇エレメント系へのダメージが35%増える,くものきょじん
524,かまいたちの極意,闇エレメント系へのダメージが35%増える,ジェイドフレア
525,せいけん突きの極意,闇ダメージが5%増える、会心率が1%増える,ダーティラビッツ
525,せいけん突きの極意,闇ダメージが5%増える、会心率が1%増える,悪鬼丸
525,せいけん突きの極意,闇ダメージが5%増える、会心率が1%増える,モヒカント
526,ムーンサルトの極意,闇ダメージが30%増える,ぬすっとウサギ・強
526,ムーンサルトの極意,闇ダメージが30%増える,ヘルプラネット
527,ばくれつけんの極意,闇ダメージが6%増える,アバランチャー
527,ばくれつけんの極意,闇ダメージが6%増える,ブルジャックル
528,岩石おとしの極意,闇ダメージが5%増える,ばくだん岩・強
528,岩石おとしの極意,闇ダメージが5%増える,ジュラシックロイド
528,岩石おとしの極意,闇ダメージが5%増える,フンガー
528,岩石おとしの極意,闇ダメージが5%増える,てんとうスカラベ
528,岩石おとしの極意,闇ダメージが5%増える,ブラッドエイプス
529,せいけん爆撃の極意,闇ダメージが3%増える、会心率が1%増える,ドラゴスライム
529,せいけん爆撃の極意,闇ダメージが3%増える、会心率が1%増える,ごうけつぐま
530,しんくうはの極意,闇ダメージが5%増える,フンガー
530,しんくうはの極意,闇ダメージが5%増える,ブルジャックル
530,しんくうはの極意,闇ダメージが5%増える,きりさきピエロ・強
531,ばくれつきゃくの極意,闇ダメージが2%増える,キャタピラー・強
531,ばくれつきゃくの極意,闇ダメージが2%増える,ばくだん岩・強
531,ばくれつきゃくの極意,闇ダメージが2%増える,テンタクルス
531,ばくれつきゃくの極意,闇ダメージが2%増える,トリケラン
